"X1"	"X2"
31040	37080
30838	31822
30838	34228
30838	37638
31822	34228
31822	37638
34228	37638
30849	33442
30849	41979
33442	41979
30872	31962
30872	45865
31962	45865
30882	38061
30882	38600
38061	38600
30882	36403
30882	42067
36403	42067
30882	34769
30882	36926
30882	45894
30882	51816
34769	36926
34769	45894
34769	51816
36926	45894
36926	51816
45894	51816
30882	31130
30882	31567
30882	33803
30882	36814
30882	39174
30882	40315
30882	41602
30882	42433
31130	31567
31130	33803
31130	36814
31130	39174
31130	40315
31130	41602
31130	42433
31567	33803
31567	36814
31567	39174
31567	40315
31567	41602
31567	42433
33803	36814
33803	39174
33803	40315
33803	41602
33803	42433
36814	39174
36814	40315
36814	41602
36814	42433
39174	40315
39174	41602
39174	42433
40315	41602
40315	42433
41602	42433
30882	32064
30882	40598
30882	42692
32064	40598
32064	42692
40598	42692
30882	32336
30882	40270
30882	40679
30882	42861
30882	42929
32336	40270
32336	40679
32336	42861
32336	42929
40270	40679
40270	42861
40270	42929
40679	42861
40679	42929
42861	42929
30882	36403
30882	40097
30882	40359
30882	40360
36403	40097
36403	40359
36403	40360
40097	40359
40097	40360
40359	40360
30882	32033
30882	40359
32033	40359
30882	31330
30882	32967
30882	32989
30882	34819
30882	38673
30882	39403
30882	40550
31330	32967
31330	32989
31330	34819
31330	38673
31330	39403
31330	40550
32967	32989
32967	34819
32967	38673
32967	39403
32967	40550
32989	34819
32989	38673
32989	39403
32989	40550
34819	38673
34819	39403
34819	40550
38673	39403
38673	40550
39403	40550
30882	34134
30882	40359
30882	32089
30882	32989
30882	33746
30882	39483
30882	40156
30882	41437
30882	42357
30882	42529
32089	32989
32089	33746
32089	39483
32089	40156
32089	41437
32089	42357
32089	42529
32989	33746
32989	39483
32989	40156
32989	41437
32989	42357
32989	42529
33746	39483
33746	40156
33746	41437
33746	42357
33746	42529
39483	40156
39483	41437
39483	42357
39483	42529
40156	41437
40156	42357
40156	42529
41437	42357
41437	42529
42357	42529
30882	36003
30882	39893
36003	39893
30882	33391
30882	40359
33391	40359
30882	33331
30882	34145
30882	41343
33331	34145
33331	41343
34145	41343
30882	37340
30882	38584
37340	38584
30882	42621
30887	36398
30887	39483
36398	39483
30890	36633
30890	37998
30890	38263
30890	39079
30890	39202
30890	39210
30890	42215
36633	37998
36633	38263
36633	39079
36633	39202
36633	39210
36633	42215
37998	38263
37998	39079
37998	39202
37998	39210
37998	42215
38263	39079
38263	39202
38263	39210
38263	42215
39079	39202
39079	39210
39079	42215
39202	39210
39202	42215
39210	42215
35102	36337
35102	38776
35102	41458
36337	38776
36337	41458
38776	41458
33411	42279
33411	45638
42279	45638
30947	31329
30947	32052
30947	36649
31329	32052
31329	36649
32052	36649
30955	35306
30955	35919
30955	35928
30955	36494
30955	38396
30955	39002
30955	40462
35306	35919
35306	35928
35306	36494
35306	38396
35306	39002
35306	40462
35919	35928
35919	36494
35919	38396
35919	39002
35919	40462
35928	36494
35928	38396
35928	39002
35928	40462
36494	38396
36494	39002
36494	40462
38396	39002
38396	40462
39002	40462
30968	35751
30968	40786
30968	42688
35751	40786
35751	42688
40786	42688
30972	31857
30972	33593
30972	40359
31857	33593
31857	40359
33593	40359
30973	31962
30973	32151
30973	34241
30973	35889
30973	36207
30973	40352
30973	41586
30973	47370
30973	49028
30973	49128
30973	49658
30973	49895
30973	51242
31962	32151
31962	34241
31962	35889
31962	36207
31962	40352
31962	41586
31962	47370
31962	49028
31962	49128
31962	49658
31962	49895
31962	51242
32151	34241
32151	35889
32151	36207
32151	40352
32151	41586
32151	47370
32151	49028
32151	49128
32151	49658
32151	49895
32151	51242
34241	35889
34241	36207
34241	40352
34241	41586
34241	47370
34241	49028
34241	49128
34241	49658
34241	49895
34241	51242
35889	36207
35889	40352
35889	41586
35889	47370
35889	49028
35889	49128
35889	49658
35889	49895
35889	51242
36207	40352
36207	41586
36207	47370
36207	49028
36207	49128
36207	49658
36207	49895
36207	51242
40352	41586
40352	47370
40352	49028
40352	49128
40352	49658
40352	49895
40352	51242
41586	47370
41586	49028
41586	49128
41586	49658
41586	49895
41586	51242
47370	49028
47370	49128
47370	49658
47370	49895
47370	51242
49028	49128
49028	49658
49028	49895
49028	51242
49128	49658
49128	49895
49128	51242
49658	49895
49658	51242
49895	51242
30982	32897
30982	36501
30982	38652
32897	36501
32897	38652
36501	38652
32052	35334
32052	40612
35334	40612
31837	32890
31837	36758
31837	41956
32890	36758
32890	41956
36758	41956
30982	31837
30982	32783
30982	33646
30982	33795
30982	34031
30982	34409
30982	35635
30982	36906
30982	38600
30982	41805
30982	42792
31837	32783
31837	33646
31837	33795
31837	34031
31837	34409
31837	35635
31837	36906
31837	38600
31837	41805
31837	42792
32783	33646
32783	33795
32783	34031
32783	34409
32783	35635
32783	36906
32783	38600
32783	41805
32783	42792
33646	33795
33646	34031
33646	34409
33646	35635
33646	36906
33646	38600
33646	41805
33646	42792
33795	34031
33795	34409
33795	35635
33795	36906
33795	38600
33795	41805
33795	42792
34031	34409
34031	35635
34031	36906
34031	38600
34031	41805
34031	42792
34409	35635
34409	36906
34409	38600
34409	41805
34409	42792
35635	36906
35635	38600
35635	41805
35635	42792
36906	38600
36906	41805
36906	42792
38600	41805
38600	42792
41805	42792
31507	34944
31507	36403
31507	37958
31507	38742
31507	42813
34944	36403
34944	37958
34944	38742
34944	42813
36403	37958
36403	38742
36403	42813
37958	38742
37958	42813
38742	42813
31403	32412
31403	36173
31403	41451
32412	36173
32412	41451
36173	41451
30997	33893
30997	41041
30997	42221
33893	41041
33893	42221
41041	42221
30999	32151
30999	36710
30999	33380
30999	36972
30999	37984
33380	36972
33380	37984
36972	37984
43833	51908
30999	40529
30999	35375
30999	37296
30999	37811
30999	39174
35375	37296
35375	37811
35375	39174
37296	37811
37296	39174
37811	39174
30999	32151
30999	33866
30999	35207
30999	35281
30999	39103
32151	33866
32151	35207
32151	35281
32151	39103
33866	35207
33866	35281
33866	39103
35207	35281
35207	39103
35281	39103
30999	32192
30999	35839
32192	35839
30999	39300
30999	31265
30999	37811
31265	37811
30999	31610
30999	31922
30999	31986
30999	32504
30999	33223
30999	35902
30999	36654
30999	37667
30999	39596
30999	41028
30999	42296
31610	31922
31610	31986
31610	32504
31610	33223
31610	35902
31610	36654
31610	37667
31610	39596
31610	41028
31610	42296
31922	31986
31922	32504
31922	33223
31922	35902
31922	36654
31922	37667
31922	39596
31922	41028
31922	42296
31986	32504
31986	33223
31986	35902
31986	36654
31986	37667
31986	39596
31986	41028
31986	42296
32504	33223
32504	35902
32504	36654
32504	37667
32504	39596
32504	41028
32504	42296
33223	35902
33223	36654
33223	37667
33223	39596
33223	41028
33223	42296
35902	36654
35902	37667
35902	39596
35902	41028
35902	42296
36654	37667
36654	39596
36654	41028
36654	42296
37667	39596
37667	41028
37667	42296
39596	41028
39596	42296
41028	42296
36403	36972
36403	40488
36972	40488
30999	36972
30999	31087
30999	34826
30999	36392
30999	37212
30999	41883
30999	42590
31087	34826
31087	36392
31087	37212
31087	41883
31087	42590
34826	36392
34826	37212
34826	41883
34826	42590
36392	37212
36392	41883
36392	42590
37212	41883
37212	42590
41883	42590
30999	34944
30999	37293
30999	39682
30999	39814
30999	40612
34944	37293
34944	39682
34944	39814
34944	40612
37293	39682
37293	39814
37293	40612
39682	39814
39682	40612
39814	40612
31516	35188
31516	40462
35188	40462
45256	49700
37981	37998
37981	41863
37998	41863
38853	39201
38853	40340
39201	40340
31034	39109
31037	32553
31037	33382
31037	36392
31037	39833
31037	41476
31037	41931
32553	33382
32553	36392
32553	39833
32553	41476
32553	41931
33382	36392
33382	39833
33382	41476
33382	41931
36392	39833
36392	41476
36392	41931
39833	41476
39833	41931
41476	41931
31040	38957
31050	36120
31061	31328
31061	31518
31061	32414
31061	39666
31328	31518
31328	32414
31328	39666
31518	32414
31518	39666
32414	39666
31061	36403
31061	42515
36403	42515
31061	31518
31061	33219
31518	33219
31076	32675
31076	35987
32675	35987
31084	31530
31084	32262
31084	32623
31084	33530
31084	33746
31084	34111
31084	35375
31084	36678
31084	37814
31084	38761
31084	40610
31084	41355
31530	32262
31530	32623
31530	33530
31530	33746
31530	34111
31530	35375
31530	36678
31530	37814
31530	38761
31530	40610
31530	41355
32262	32623
32262	33530
32262	33746
32262	34111
32262	35375
32262	36678
32262	37814
32262	38761
32262	40610
32262	41355
32623	33530
32623	33746
32623	34111
32623	35375
32623	36678
32623	37814
32623	38761
32623	40610
32623	41355
33530	33746
33530	34111
33530	35375
33530	36678
33530	37814
33530	38761
33530	40610
33530	41355
33746	34111
33746	35375
33746	36678
33746	37814
33746	38761
33746	40610
33746	41355
34111	35375
34111	36678
34111	37814
34111	38761
34111	40610
34111	41355
35375	36678
35375	37814
35375	38761
35375	40610
35375	41355
36678	37814
36678	38761
36678	40610
36678	41355
37814	38761
37814	40610
37814	41355
38761	40610
38761	41355
40610	41355
33380	34219
33380	35511
33380	37237
33380	40152
33380	40846
33380	42880
34219	35511
34219	37237
34219	40152
34219	40846
34219	42880
35511	37237
35511	40152
35511	40846
35511	42880
37237	40152
37237	40846
37237	42880
40152	40846
40152	42880
40846	42880
31087	31416
31087	33935
31087	36371
31087	36392
31087	37811
31087	38023
31087	38900
31087	39814
31087	40790
31087	41353
31087	42387
31416	33935
31416	36371
31416	36392
31416	37811
31416	38023
31416	38900
31416	39814
31416	40790
31416	41353
31416	42387
33935	36371
33935	36392
33935	37811
33935	38023
33935	38900
33935	39814
33935	40790
33935	41353
33935	42387
36371	36392
36371	37811
36371	38023
36371	38900
36371	39814
36371	40790
36371	41353
36371	42387
36392	37811
36392	38023
36392	38900
36392	39814
36392	40790
36392	41353
36392	42387
37811	38023
37811	38900
37811	39814
37811	40790
37811	41353
37811	42387
38023	38900
38023	39814
38023	40790
38023	41353
38023	42387
38900	39814
38900	40790
38900	41353
38900	42387
39814	40790
39814	41353
39814	42387
40790	41353
40790	42387
41353	42387
31087	33196
31087	39973
31087	41013
33196	39973
33196	41013
39973	41013
35974	38101
35974	39103
38101	39103
31091	31980
31091	34026
31091	35673
31091	36735
31091	38099
31091	40790
31980	34026
31980	35673
31980	36735
31980	38099
31980	40790
34026	35673
34026	36735
34026	38099
34026	40790
35673	36735
35673	38099
35673	40790
36735	38099
36735	40790
38099	40790
31093	32819
31093	36006
31093	40498
31093	42515
32819	36006
32819	40498
32819	42515
36006	40498
36006	42515
40498	42515
31107	35435
31107	38034
31107	39814
35435	38034
35435	39814
38034	39814
35168	37775
35168	39814
35168	46839
35168	47284
37775	39814
37775	46839
37775	47284
39814	46839
39814	47284
46839	47284
33420	38645
33420	38972
38645	38972
38396	40488
38396	41037
40488	41037
31407	38396
31407	39002
31407	42102
31407	42878
38396	39002
38396	42102
38396	42878
39002	42102
39002	42878
42102	42878
31116	32151
31116	33632
31116	36972
32151	33632
32151	36972
33632	36972
35513	37507
35513	38414
35513	40825
37507	38414
37507	40825
38414	40825
34174	36996
34174	40864
36996	40864
31120	32052
31120	37296
31120	40488
32052	37296
32052	40488
37296	40488
31120	32192
31120	35334
31120	36777
31120	38093
31120	39460
31120	41275
31120	42420
32192	35334
32192	36777
32192	38093
32192	39460
32192	41275
32192	42420
35334	36777
35334	38093
35334	39460
35334	41275
35334	42420
36777	38093
36777	39460
36777	41275
36777	42420
38093	39460
38093	41275
38093	42420
39460	41275
39460	42420
41275	42420
31120	33930
31120	34027
31120	35747
31120	36654
31120	36972
31120	40665
31120	41585
31120	42433
31120	42688
33930	34027
33930	35747
33930	36654
33930	36972
33930	40665
33930	41585
33930	42433
33930	42688
34027	35747
34027	36654
34027	36972
34027	40665
34027	41585
34027	42433
34027	42688
35747	36654
35747	36972
35747	40665
35747	41585
35747	42433
35747	42688
36654	36972
36654	40665
36654	41585
36654	42433
36654	42688
36972	40665
36972	41585
36972	42433
36972	42688
40665	41585
40665	42433
40665	42688
41585	42433
41585	42688
42433	42688
31120	34946
31120	38141
34946	38141
31124	35392
31648	32962
31648	34059
31648	34628
32962	34059
32962	34628
34059	34628
35161	38881
35161	39220
38881	39220
31128	33977
31128	34361
33977	34361
31130	31914
31130	33698
31914	33698
32151	34145
32151	34707
32151	36249
34145	34707
34145	36249
34707	36249
32151	41028
32151	42102
41028	42102
31171	31998
31171	34228
31171	38776
31998	34228
31998	38776
34228	38776
31178	37963
31178	39814
31178	42343
37963	39814
37963	42343
39814	42343
31178	31837
31178	34093
31178	41069
31178	41670
31837	34093
31837	41069
31837	41670
34093	41069
34093	41670
41069	41670
31195	32783
31195	34093
31195	37439
32783	34093
32783	37439
34093	37439
31195	31328
31195	36607
31328	36607
36403	36500
31217	36403
31217	36975
31217	41367
36403	36975
36403	41367
36975	41367
31598	32759
31598	35980
32759	35980
31230	33556
31230	38447
31230	42358
33556	38447
33556	42358
38447	42358
31292	31581
31292	31857
31292	35688
31292	35737
31292	36173
31292	37466
31292	38976
31581	31857
31581	35688
31581	35737
31581	36173
31581	37466
31581	38976
31857	35688
31857	35737
31857	36173
31857	37466
31857	38976
35688	35737
35688	36173
35688	37466
35688	38976
35737	36173
35737	37466
35737	38976
36173	37466
36173	38976
37466	38976
31264	35673
31264	38961
31264	39375
31264	40462
35673	38961
35673	39375
35673	40462
38961	39375
38961	40462
39375	40462
31265	33809
31265	34944
31265	35030
31265	35364
31265	35862
31265	36633
31265	37636
31265	39022
31265	39174
31265	40636
31265	42362
31265	42676
33809	34944
33809	35030
33809	35364
33809	35862
33809	36633
33809	37636
33809	39022
33809	39174
33809	40636
33809	42362
33809	42676
34944	35030
34944	35364
34944	35862
34944	36633
34944	37636
34944	39022
34944	39174
34944	40636
34944	42362
34944	42676
35030	35364
35030	35862
35030	36633
35030	37636
35030	39022
35030	39174
35030	40636
35030	42362
35030	42676
35364	35862
35364	36633
35364	37636
35364	39022
35364	39174
35364	40636
35364	42362
35364	42676
35862	36633
35862	37636
35862	39022
35862	39174
35862	40636
35862	42362
35862	42676
36633	37636
36633	39022
36633	39174
36633	40636
36633	42362
36633	42676
37636	39022
37636	39174
37636	40636
37636	42362
37636	42676
39022	39174
39022	40636
39022	42362
39022	42676
39174	40636
39174	42362
39174	42676
40636	42362
40636	42676
42362	42676
31265	31413
31265	37775
31265	38396
31265	47542
31265	48645
31265	49700
31265	49996
31413	37775
31413	38396
31413	47542
31413	48645
31413	49700
31413	49996
37775	38396
37775	47542
37775	48645
37775	49700
37775	49996
38396	47542
38396	48645
38396	49700
38396	49996
47542	48645
47542	49700
47542	49996
48645	49700
48645	49996
49700	49996
31265	31788
31265	35634
31265	35673
31265	37963
31265	42471
31265	42715
31265	46488
31788	35634
31788	35673
31788	37963
31788	42471
31788	42715
31788	46488
35634	35673
35634	37963
35634	42471
35634	42715
35634	46488
35673	37963
35673	42471
35673	42715
35673	46488
37963	42471
37963	42715
37963	46488
42471	42715
42471	46488
42715	46488
31265	31954
31265	38601
31265	40145
31954	38601
31954	40145
38601	40145
31265	33646
31265	37046
31265	41119
33646	37046
33646	41119
37046	41119
31266	32192
31266	33364
31266	40107
32192	33364
32192	40107
33364	40107
32042	41935
34852	37507
34852	38067
37507	38067
31270	32021
31270	34156
31270	37652
31270	38395
31270	38498
31270	40107
31270	41776
31270	41833
32021	34156
32021	37652
32021	38395
32021	38498
32021	40107
32021	41776
32021	41833
34156	37652
34156	38395
34156	38498
34156	40107
34156	41776
34156	41833
37652	38395
37652	38498
37652	40107
37652	41776
37652	41833
38395	38498
38395	40107
38395	41776
38395	41833
38498	40107
38498	41776
38498	41833
40107	41776
40107	41833
41776	41833
31401	43602
31401	46072
31401	47399
43602	46072
43602	47399
46072	47399
37086	40445
37086	42621
37086	49653
37086	50203
40445	42621
40445	49653
40445	50203
42621	49653
42621	50203
49653	50203
31274	34264
31274	38776
31274	39100
31274	40503
34264	38776
34264	39100
34264	40503
38776	39100
38776	40503
39100	40503
31279	34342
31279	36499
34342	36499
31280	35161
31280	36621
31280	38591
31280	40313
35161	36621
35161	38591
35161	40313
36621	38591
36621	40313
38591	40313
31282	34059
31282	38853
34059	38853
31282	32783
31282	34010
31282	36327
31282	36725
31282	37086
31282	37980
31282	38798
31282	39940
31282	40291
31282	42085
32783	34010
32783	36327
32783	36725
32783	37086
32783	37980
32783	38798
32783	39940
32783	40291
32783	42085
34010	36327
34010	36725
34010	37086
34010	37980
34010	38798
34010	39940
34010	40291
34010	42085
36327	36725
36327	37086
36327	37980
36327	38798
36327	39940
36327	40291
36327	42085
36725	37086
36725	37980
36725	38798
36725	39940
36725	40291
36725	42085
37086	37980
37086	38798
37086	39940
37086	40291
37086	42085
37980	38798
37980	39940
37980	40291
37980	42085
38798	39940
38798	40291
38798	42085
39940	40291
39940	42085
40291	42085
35188	41221
32151	33601
32151	34860
32151	41119
33601	34860
33601	41119
34860	41119
31292	34409
31292	41168
34409	41168
31319	33212
31319	33500
31319	39749
31319	40598
31319	41037
31319	42067
33212	33500
33212	39749
33212	40598
33212	41037
33212	42067
33500	39749
33500	40598
33500	41037
33500	42067
39749	40598
39749	41037
39749	42067
40598	41037
40598	42067
41037	42067
31877	34536
31330	35274
31330	35726
31330	35747
31330	38901
35274	35726
35274	35747
35274	38901
35726	35747
35726	38901
35747	38901
36451	36457
36451	37741
36451	40714
36457	37741
36457	40714
37741	40714
31716	34984
31716	40245
34984	40245
32192	39814
31365	31986
31365	39387
31365	40598
31986	39387
31986	40598
39387	40598
31365	36403
31365	39192
36403	39192
31365	36496
31365	39375
31365	41997
36496	39375
36496	41997
39375	41997
31365	34303
31365	36710
31365	36775
31365	38675
34303	36710
34303	36775
34303	38675
36710	36775
36710	38675
36775	38675
31369	35833
47379	49996
34340	34944
34340	39045
34340	43882
34340	44359
34340	51631
34340	51702
34944	39045
34944	43882
34944	44359
34944	51631
34944	51702
39045	43882
39045	44359
39045	51631
39045	51702
43882	44359
43882	51631
43882	51702
44359	51631
44359	51702
51631	51702
31394	32151
31394	33382
31394	34063
31394	34971
31394	36158
31394	36398
31394	42224
31394	42376
31394	43015
32151	33382
32151	34063
32151	34971
32151	36158
32151	36398
32151	42224
32151	42376
32151	43015
33382	34063
33382	34971
33382	36158
33382	36398
33382	42224
33382	42376
33382	43015
34063	34971
34063	36158
34063	36398
34063	42224
34063	42376
34063	43015
34971	36158
34971	36398
34971	42224
34971	42376
34971	43015
36158	36398
36158	42224
36158	42376
36158	43015
36398	42224
36398	42376
36398	43015
42224	42376
42224	43015
42376	43015
31403	32412
31403	38699
32412	38699
31407	32151
31407	32836
31407	36398
31407	38088
31407	41271
31407	41606
32151	32836
32151	36398
32151	38088
32151	41271
32151	41606
32836	36398
32836	38088
32836	41271
32836	41606
36398	38088
36398	41271
36398	41606
38088	41271
38088	41606
41271	41606
31407	31516
31407	33407
31407	39310
31516	33407
31516	39310
33407	39310
31413	32890
31413	33458
31413	35121
31413	40107
31413	41119
32890	33458
32890	35121
32890	40107
32890	41119
33458	35121
33458	40107
33458	41119
35121	40107
35121	41119
40107	41119
44820	45432
31416	32423
31416	40790
31416	41531
32423	40790
32423	41531
40790	41531
33364	38664
33364	49245
38664	49245
31424	33254
31424	33740
31424	33795
31424	34075
31424	36710
31424	39360
31424	39362
31424	40012
31424	41132
31424	41623
31424	42438
31424	42493
33254	33740
33254	33795
33254	34075
33254	36710
33254	39360
33254	39362
33254	40012
33254	41132
33254	41623
33254	42438
33254	42493
33740	33795
33740	34075
33740	36710
33740	39360
33740	39362
33740	40012
33740	41132
33740	41623
33740	42438
33740	42493
33795	34075
33795	36710
33795	39360
33795	39362
33795	40012
33795	41132
33795	41623
33795	42438
33795	42493
34075	36710
34075	39360
34075	39362
34075	40012
34075	41132
34075	41623
34075	42438
34075	42493
36710	39360
36710	39362
36710	40012
36710	41132
36710	41623
36710	42438
36710	42493
39360	39362
39360	40012
39360	41132
39360	41623
39360	42438
39360	42493
39362	40012
39362	41132
39362	41623
39362	42438
39362	42493
40012	41132
40012	41623
40012	42438
40012	42493
41132	41623
41132	42438
41132	42493
41623	42438
41623	42493
42438	42493
31425	32192
31425	34012
31425	35258
31425	37212
31425	40636
31425	42362
32192	34012
32192	35258
32192	37212
32192	40636
32192	42362
34012	35258
34012	37212
34012	40636
34012	42362
35258	37212
35258	40636
35258	42362
37212	40636
37212	42362
40636	42362
31822	35533
31822	42365
35533	42365
31436	39532
31439	39395
31439	40554
31439	41068
39395	40554
39395	41068
40554	41068
31456	31922
31456	37960
31922	37960
31463	32104
31463	32209
31463	33216
31463	33461
31463	36003
31463	36403
31463	39124
31463	39940
31463	41531
31463	41976
31463	42638
31463	47767
31463	49676
31463	50116
32104	32209
32104	33216
32104	33461
32104	36003
32104	36403
32104	39124
32104	39940
32104	41531
32104	41976
32104	42638
32104	47767
32104	49676
32104	50116
32209	33216
32209	33461
32209	36003
32209	36403
32209	39124
32209	39940
32209	41531
32209	41976
32209	42638
32209	47767
32209	49676
32209	50116
33216	33461
33216	36003
33216	36403
33216	39124
33216	39940
33216	41531
33216	41976
33216	42638
33216	47767
33216	49676
33216	50116
33461	36003
33461	36403
33461	39124
33461	39940
33461	41531
33461	41976
33461	42638
33461	47767
33461	49676
33461	50116
36003	36403
36003	39124
36003	39940
36003	41531
36003	41976
36003	42638
36003	47767
36003	49676
36003	50116
36403	39124
36403	39940
36403	41531
36403	41976
36403	42638
36403	47767
36403	49676
36403	50116
39124	39940
39124	41531
39124	41976
39124	42638
39124	47767
39124	49676
39124	50116
39940	41531
39940	41976
39940	42638
39940	47767
39940	49676
39940	50116
41531	41976
41531	42638
41531	47767
41531	49676
41531	50116
41976	42638
41976	47767
41976	49676
41976	50116
42638	47767
42638	49676
42638	50116
47767	49676
47767	50116
49676	50116
31463	46159
31463	47155
31463	48241
31463	48954
46159	47155
46159	48241
46159	48954
47155	48241
47155	48954
48241	48954
31463	31982
31463	45711
31463	50320
31982	45711
31982	50320
45711	50320
31486	49996
31486	51137
49996	51137
32042	40539
31507	43065
31518	38342
31518	40359
31518	47363
38342	40359
38342	47363
40359	47363
31518	38751
31518	39174
38751	39174
31522	34181
31522	42067
34181	42067
31522	42340
31522	32052
31522	34410
31522	36311
31522	41935
32052	34410
32052	36311
32052	41935
34410	36311
34410	41935
36311	41935
31535	32889
31535	34059
31535	41104
31535	42851
32889	34059
32889	41104
32889	42851
34059	41104
34059	42851
41104	42851
31541	31810
31541	36670
31541	36972
31810	36670
31810	36972
36670	36972
31562	31997
31562	36188
31562	38677
31997	36188
31997	38677
36188	38677
37364	38670
31573	35156
31573	36532
31573	37200
31573	40029
31573	40248
35156	36532
35156	37200
35156	40029
35156	40248
36532	37200
36532	40029
36532	40248
37200	40029
37200	40248
40029	40248
31581	34819
31581	38976
34819	38976
31581	32928
31581	35253
31581	40873
31581	42343
32928	35253
32928	40873
32928	42343
35253	40873
35253	42343
40873	42343
31581	41977
33285	33387
31607	34156
31607	36649
31607	36758
31607	36784
31607	37298
31607	40145
31607	41229
34156	36649
34156	36758
34156	36784
34156	37298
34156	40145
34156	41229
36649	36758
36649	36784
36649	37298
36649	40145
36649	41229
36758	36784
36758	37298
36758	40145
36758	41229
36784	37298
36784	40145
36784	41229
37298	40145
37298	41229
40145	41229
31610	33899
31610	40485
31610	40786
31610	40787
33899	40485
33899	40786
33899	40787
40485	40786
40485	40787
40786	40787
31610	35839
32995	34569
32995	42619
34569	42619
31617	33092
31617	33271
31617	34063
31617	35319
31617	41015
31617	42734
31617	51300
33092	33271
33092	34063
33092	35319
33092	41015
33092	42734
33092	51300
33271	34063
33271	35319
33271	41015
33271	42734
33271	51300
34063	35319
34063	41015
34063	42734
34063	51300
35319	41015
35319	42734
35319	51300
41015	42734
41015	51300
42734	51300
31860	33732
31860	34420
31860	38656
31860	38686
31860	38927
31860	40322
33732	34420
33732	38656
33732	38686
33732	38927
33732	40322
34420	38656
34420	38686
34420	38927
34420	40322
38656	38686
38656	38927
38656	40322
38686	38927
38686	40322
38927	40322
38664	38678
34509	34806
34509	36856
34509	39291
34509	41527
34509	46558
34509	47720
34806	36856
34806	39291
34806	41527
34806	46558
34806	47720
36856	39291
36856	41527
36856	46558
36856	47720
39291	41527
39291	46558
39291	47720
41527	46558
41527	47720
46558	47720
31648	39048
31648	34446
31648	36403
31648	41979
34446	36403
34446	41979
36403	41979
31661	41531
37507	41711
31665	36403
31665	37499
31665	40462
31665	42658
36403	37499
36403	40462
36403	42658
37499	40462
37499	42658
40462	42658
31665	36402
31665	37499
31665	40462
31665	42658
36402	37499
36402	40462
36402	42658
37499	40462
37499	42658
40462	42658
31673	33472
31673	33500
31673	43876
31673	47223
33472	33500
33472	43876
33472	47223
33500	43876
33500	47223
43876	47223
31676	36259
31676	39817
31676	43000
36259	39817
36259	43000
39817	43000
31677	36311
31677	39757
31677	41480
36311	39757
36311	41480
39757	41480
31677	32062
31677	35443
31677	36758
32062	35443
32062	36758
35443	36758
31677	35334
31677	35121
31677	39128
31677	41451
35121	39128
35121	41451
39128	41451
34247	37754
34247	38088
34247	38507
37754	38088
37754	38507
38088	38507
31684	32498
31684	37775
31684	39940
31684	42444
32498	37775
32498	39940
32498	42444
37775	39940
37775	42444
39940	42444
32614	36730
32614	37625
32614	42340
36730	37625
36730	42340
37625	42340
31700	33872
31700	37744
31701	33323
31701	33896
31701	35053
31701	35375
31701	35601
31701	40541
31701	40626
31701	42439
31701	43057
33323	33896
33323	35053
33323	35375
33323	35601
33323	40541
33323	40626
33323	42439
33323	43057
33896	35053
33896	35375
33896	35601
33896	40541
33896	40626
33896	42439
33896	43057
35053	35375
35053	35601
35053	40541
35053	40626
35053	42439
35053	43057
35375	35601
35375	40541
35375	40626
35375	42439
35375	43057
35601	40541
35601	40626
35601	42439
35601	43057
40541	40626
40541	42439
40541	43057
40626	42439
40626	43057
42439	43057
31705	33125
31705	33139
31705	36255
31705	36471
31705	36576
31705	37439
31705	39452
31705	39564
31705	40322
31705	41956
31705	42102
31705	42157
31705	42159
31705	42362
31705	42884
33125	33139
33125	36255
33125	36471
33125	36576
33125	37439
33125	39452
33125	39564
33125	40322
33125	41956
33125	42102
33125	42157
33125	42159
33125	42362
33125	42884
33139	36255
33139	36471
33139	36576
33139	37439
33139	39452
33139	39564
33139	40322
33139	41956
33139	42102
33139	42157
33139	42159
33139	42362
33139	42884
36255	36471
36255	36576
36255	37439
36255	39452
36255	39564
36255	40322
36255	41956
36255	42102
36255	42157
36255	42159
36255	42362
36255	42884
36471	36576
36471	37439
36471	39452
36471	39564
36471	40322
36471	41956
36471	42102
36471	42157
36471	42159
36471	42362
36471	42884
36576	37439
36576	39452
36576	39564
36576	40322
36576	41956
36576	42102
36576	42157
36576	42159
36576	42362
36576	42884
37439	39452
37439	39564
37439	40322
37439	41956
37439	42102
37439	42157
37439	42159
37439	42362
37439	42884
39452	39564
39452	40322
39452	41956
39452	42102
39452	42157
39452	42159
39452	42362
39452	42884
39564	40322
39564	41956
39564	42102
39564	42157
39564	42159
39564	42362
39564	42884
40322	41956
40322	42102
40322	42157
40322	42159
40322	42362
40322	42884
41956	42102
41956	42157
41956	42159
41956	42362
41956	42884
42102	42157
42102	42159
42102	42362
42102	42884
42157	42159
42157	42362
42157	42884
42159	42362
42159	42884
42362	42884
31716	41509
31716	42550
41509	42550
31716	34261
31716	38815
31716	41015
34261	38815
34261	41015
38815	41015
31716	32783
31716	39387
31716	39641
31716	42593
32783	39387
32783	39641
32783	42593
39387	39641
39387	42593
39641	42593
34059	34063
34059	42779
34059	42878
34063	42779
34063	42878
42779	42878
31718	41569
32089	32791
32089	35545
32791	35545
31726	32089
31726	34879
31726	36333
31726	37408
31726	43063
32089	34879
32089	36333
32089	37408
32089	43063
34879	36333
34879	37408
34879	43063
36333	37408
36333	43063
37408	43063
34059	36972
31744	32783
31744	33787
31744	36276
31744	36402
31744	40790
31744	46988
32783	33787
32783	36276
32783	36402
32783	40790
32783	46988
33787	36276
33787	36402
33787	40790
33787	46988
36276	36402
36276	40790
36276	46988
36402	40790
36402	46988
40790	46988
31745	36944
31745	37086
36944	37086
31745	33632
40322	41119
40322	45271
41119	45271
31755	33601
31755	35827
33601	35827
31772	38093
31772	33219
31772	36207
33219	36207
31772	35757
31772	36446
31772	38115
35757	36446
35757	38115
36446	38115
31772	42692
31772	38600
31772	35839
33314	33893
33314	34171
33314	36270
33314	36667
33314	38116
33314	42102
33893	34171
33893	36270
33893	36667
33893	38116
33893	42102
34171	36270
34171	36667
34171	38116
34171	42102
36270	36667
36270	38116
36270	42102
36667	38116
36667	42102
38116	42102
31800	34357
31800	41831
34357	41831
31800	33324
31800	37667
31800	41935
33324	37667
33324	41935
37667	41935
31810	35087
31810	42589
35087	42589
31810	34860
31810	38335
34860	38335
34059	49996
31814	34924
31814	36736
31814	40690
34924	36736
34924	40690
36736	40690
31822	35839
31822	36207
35839	36207
31837	36120
31837	41141
31837	41906
36120	41141
36120	41906
41141	41906
31837	46061
31837	34475
31837	35513
31837	39559
31837	42413
34475	35513
34475	39559
34475	42413
35513	39559
35513	42413
39559	42413
31837	37667
31837	41037
35666	36083
35666	36111
35666	42779
36083	36111
36083	42779
36111	42779
31837	36725
31837	39048
36725	39048
31837	35253
31846	33458
31846	47241
33458	47241
31878	32249
31878	37815
32249	37815
31922	36207
31922	39325
31922	42619
36207	39325
36207	42619
39325	42619
31922	41531
31922	51813
41531	51813
34120	34907
34120	36068
34120	38077
34120	38278
34120	38366
34120	39252
34120	39596
34120	41039
34120	41836
34120	41950
34120	42296
34120	46371
34907	36068
34907	38077
34907	38278
34907	38366
34907	39252
34907	39596
34907	41039
34907	41836
34907	41950
34907	42296
34907	46371
36068	38077
36068	38278
36068	38366
36068	39252
36068	39596
36068	41039
36068	41836
36068	41950
36068	42296
36068	46371
38077	38278
38077	38366
38077	39252
38077	39596
38077	41039
38077	41836
38077	41950
38077	42296
38077	46371
38278	38366
38278	39252
38278	39596
38278	41039
38278	41836
38278	41950
38278	42296
38278	46371
38366	39252
38366	39596
38366	41039
38366	41836
38366	41950
38366	42296
38366	46371
39252	39596
39252	41039
39252	41836
39252	41950
39252	42296
39252	46371
39596	41039
39596	41836
39596	41950
39596	42296
39596	46371
41039	41836
41039	41950
41039	42296
41039	46371
41836	41950
41836	42296
41836	46371
41950	42296
41950	46371
42296	46371
36332	38960
31951	40379
31952	40612
33393	38568
31952	36120
31952	32151
31952	33748
31952	39201
31952	41104
32151	33748
32151	39201
32151	41104
33748	39201
33748	41104
39201	41104
32768	37296
32768	39814
37296	39814
35513	40462
35513	47542
40462	47542
31957	38972
31962	36207
31962	38769
31962	41599
36207	38769
36207	41599
38769	41599
31982	37507
31982	37653
31982	38108
37653	38108
31984	36327
31998	36188
31998	42323
36188	42323
32000	33225
32000	42115
32000	42909
33225	42115
33225	42909
42115	42909
32027	45728
32027	40462
32027	41271
32027	42376
32027	43408
32027	45728
32027	46255
32027	50589
32027	51547
40462	41271
40462	42376
40462	43408
40462	45728
40462	46255
40462	50589
40462	51547
41271	42376
41271	43408
41271	45728
41271	46255
41271	50589
41271	51547
42376	43408
42376	45728
42376	46255
42376	50589
42376	51547
43408	45728
43408	46255
43408	50589
43408	51547
45728	46255
45728	50589
45728	51547
46255	50589
46255	51547
50589	51547
32033	36470
32042	35087
32042	36124
32042	36403
35087	36124
35087	36403
36124	36403
32042	35002
32899	35999
32899	41017
32899	41018
32899	41037
35999	41017
35999	41018
35999	41037
41017	41018
41017	41037
41018	41037
32042	36710
32042	37775
32042	42271
36710	37775
36710	42271
37775	42271
32042	41843
32042	42102
32042	42407
41843	42102
41843	42407
42102	42407
32042	32151
32042	36972
32042	47535
32042	49996
32151	36972
32151	47535
32151	49996
36972	47535
36972	49996
47535	49996
36380	41271
32051	34059
32051	36457
32051	40984
32051	41789
34059	36457
34059	40984
34059	41789
36457	40984
36457	41789
40984	41789
32052	33601
32052	33633
32052	34944
32052	36494
33601	33633
33601	34944
33601	36494
33633	34944
33633	36494
34944	36494
32052	35053
32052	36457
32052	37296
32052	39814
35053	36457
35053	37296
35053	39814
36457	37296
36457	39814
37296	39814
34059	38823
32052	34944
32052	37643
34944	37643
32077	34550
32077	36020
32077	36361
32077	41414
34550	36020
34550	36361
34550	41414
36020	36361
36020	41414
36361	41414
32089	33888
32089	42404
33888	42404
32089	33809
32089	35425
32089	37884
32089	39483
32089	41520
33809	35425
33809	37884
33809	39483
33809	41520
35425	37884
35425	39483
35425	41520
37884	39483
37884	41520
39483	41520
32089	34381
32089	36457
32089	37775
32089	42718
34381	36457
34381	37775
34381	42718
36457	37775
36457	42718
37775	42718
32089	33555
32089	36328
32089	41971
33555	36328
33555	41971
36328	41971
32105	37503
32105	38246
32105	41977
32105	42795
37503	38246
37503	41977
37503	42795
38246	41977
38246	42795
41977	42795
38823	49996
32115	33420
32115	35571
32115	41950
33420	35571
33420	41950
35571	41950
32118	40107
32118	42299
40107	42299
32133	36115
32133	36403
32133	41639
36115	36403
36115	41639
36403	41639
32151	33632
32151	35375
33632	35375
32151	35306
32151	42362
35306	42362
32151	37643
36478	40107
36478	41028
40107	41028
32151	35281
32151	43665
32151	34789
32151	35341
32151	42102
32151	42362
34789	35341
34789	42102
34789	42362
35341	42102
35341	42362
42102	42362
39375	40864
32154	35336
32154	35459
32154	36681
32154	37998
32154	38702
32154	41219
32154	41231
32154	42942
35336	35459
35336	36681
35336	37998
35336	38702
35336	41219
35336	41231
35336	42942
35459	36681
35459	37998
35459	38702
35459	41219
35459	41231
35459	42942
36681	37998
36681	38702
36681	41219
36681	41231
36681	42942
37998	38702
37998	41219
37998	41231
37998	42942
38702	41219
38702	41231
38702	42942
41219	41231
41219	42942
41231	42942
32156	32768
32156	36207
32768	36207
32336	32889
32336	39375
32336	40714
32336	41789
32336	42067
32336	42688
32889	39375
32889	40714
32889	41789
32889	42067
32889	42688
39375	40714
39375	41789
39375	42067
39375	42688
40714	41789
40714	42067
40714	42688
41789	42067
41789	42688
42067	42688
32192	36398
32192	36972
32192	41997
32192	42593
36398	36972
36398	41997
36398	42593
36972	41997
36972	42593
41997	42593
32192	33364
32192	33547
32192	36501
32192	39366
32192	40107
33364	33547
33364	36501
33364	39366
33364	40107
33547	36501
33547	39366
33547	40107
36501	39366
36501	40107
39366	40107
32192	32941
34536	39387
34536	42619
34536	42621
39387	42619
39387	42621
42619	42621
32192	36380
32192	38877
36380	38877
32890	42878
32192	33646
32192	33364
32192	33601
32192	33646
32192	40107
32192	41505
33364	33601
33364	33646
33364	40107
33364	41505
33601	33646
33601	40107
33601	41505
33646	40107
33646	41505
40107	41505
32192	33646
32192	34172
32192	34819
32192	35334
32192	37293
32192	38576
33646	34172
33646	34819
33646	35334
33646	37293
33646	38576
34172	34819
34172	35334
34172	37293
34172	38576
34819	35334
34819	37293
34819	38576
35334	37293
35334	38576
37293	38576
38396	42102
34944	34984
34944	41778
34944	42590
34984	41778
34984	42590
41778	42590
32250	35884
32250	37601
35884	37601
32260	32623
32260	32641
32260	32823
32260	33322
32260	33657
32260	35340
32260	37652
32260	37997
32260	38141
32260	39496
32260	40254
32260	40301
32260	42140
32260	43034
32623	32641
32623	32823
32623	33322
32623	33657
32623	35340
32623	37652
32623	37997
32623	38141
32623	39496
32623	40254
32623	40301
32623	42140
32623	43034
32641	32823
32641	33322
32641	33657
32641	35340
32641	37652
32641	37997
32641	38141
32641	39496
32641	40254
32641	40301
32641	42140
32641	43034
32823	33322
32823	33657
32823	35340
32823	37652
32823	37997
32823	38141
32823	39496
32823	40254
32823	40301
32823	42140
32823	43034
33322	33657
33322	35340
33322	37652
33322	37997
33322	38141
33322	39496
33322	40254
33322	40301
33322	42140
33322	43034
33657	35340
33657	37652
33657	37997
33657	38141
33657	39496
33657	40254
33657	40301
33657	42140
33657	43034
35340	37652
35340	37997
35340	38141
35340	39496
35340	40254
35340	40301
35340	42140
35340	43034
37652	37997
37652	38141
37652	39496
37652	40254
37652	40301
37652	42140
37652	43034
37997	38141
37997	39496
37997	40254
37997	40301
37997	42140
37997	43034
38141	39496
38141	40254
38141	40301
38141	42140
38141	43034
39496	40254
39496	40301
39496	42140
39496	43034
40254	40301
40254	42140
40254	43034
40301	42140
40301	43034
42140	43034
32282	33108
32282	38978
32282	38983
33108	38978
33108	38983
38978	38983
36044	36758
36044	41338
36758	41338
32336	37667
32336	38396
37667	38396
38656	41979
32369	34220
32369	34906
32369	35375
34220	34906
34220	35375
34906	35375
32370	35974
32370	37940
32370	38069
32370	38943
32370	39213
32370	40462
32370	40741
32370	41028
35974	37940
35974	38069
35974	38943
35974	39213
35974	40462
35974	40741
35974	41028
37940	38069
37940	38943
37940	39213
37940	40462
37940	40741
37940	41028
38069	38943
38069	39213
38069	40462
38069	40741
38069	41028
38943	39213
38943	40462
38943	40741
38943	41028
39213	40462
39213	40741
39213	41028
40462	40741
40462	41028
40741	41028
32370	34984
32370	36750
32370	40612
34984	36750
34984	40612
36750	40612
32395	35087
32395	41979
35087	41979
32412	37667
32412	40107
32412	41387
32412	42542
37667	40107
37667	41387
37667	42542
40107	41387
40107	42542
41387	42542
32412	35435
32412	41979
32412	42618
35435	41979
35435	42618
41979	42618
32413	41820
32414	41387
32414	32590
32414	34059
32414	36403
32414	40288
32414	40398
32590	34059
32590	36403
32590	40288
32590	40398
34059	36403
34059	40288
34059	40398
36403	40288
36403	40398
40288	40398
32414	32783
48645	50589
32418	35522
32418	35875
32418	41104
35522	35875
35522	41104
35875	41104
35168	36631
35168	46692
36631	46692
32437	36077
32437	39024
36077	39024
32480	35000
32488	35000
32488	42478
35000	42478
32492	33550
32492	34168
32492	36451
32492	39375
33550	34168
33550	36451
33550	39375
34168	36451
34168	39375
36451	39375
32494	37735
32494	37752
32494	38976
37735	37752
37735	38976
37752	38976
32536	33555
32536	36977
33555	36977
33103	36972
33103	40462
33103	41267
36972	40462
36972	41267
40462	41267
32579	34208
32579	34819
34208	34819
32591	37926
32603	33859
32783	40107
32617	34776
32716	35643
32716	41217
35643	41217
32734	33315
32734	35102
32734	36327
32734	38776
33315	35102
33315	36327
33315	38776
35102	36327
35102	38776
36327	38776
32768	35513
32775	33090
32775	39109
32775	42102
33090	39109
33090	42102
39109	42102
32783	33543
32783	35344
32783	35610
33543	35344
33543	35610
35344	35610
32783	41997
32783	37667
32783	38396
32783	38023
32783	38966
38023	38966
32783	33364
32783	36403
32783	40107
32783	40280
33364	36403
33364	40107
33364	40280
36403	40107
36403	40280
40107	40280
36328	37752
32805	34446
32805	39174
32805	42251
32805	42590
34446	39174
34446	42251
34446	42590
39174	42251
39174	42590
42251	42590
32866	38474
32880	34852
32880	39023
32880	40744
34852	39023
34852	40744
39023	40744
32886	42699
32890	35121
32890	40736
35121	40736
32890	34890
32890	38023
32890	38656
34890	38023
34890	38656
38023	38656
37086	41168
32897	35087
32897	35610
32897	37293
32897	39866
32897	42102
35087	35610
35087	37293
35087	39866
35087	42102
35610	37293
35610	39866
35610	42102
37293	39866
37293	42102
39866	42102
32899	35513
32899	36254
32899	39300
32899	39362
35513	36254
35513	39300
35513	39362
36254	39300
36254	39362
39300	39362
32899	36603
32899	37005
32899	40462
32899	40598
32899	41037
32899	42495
36603	37005
36603	40462
36603	40598
36603	41037
36603	42495
37005	40462
37005	40598
37005	41037
37005	42495
40462	40598
40462	41037
40462	42495
40598	41037
40598	42495
41037	42495
44512	46474
44512	48807
44512	51911
44512	51951
46474	48807
46474	51911
46474	51951
48807	51911
48807	51951
51911	51951
32899	35029
32899	35030
32899	35281
32899	42438
35029	35030
35029	35281
35029	42438
35030	35281
35030	42438
35281	42438
32899	36380
32899	37296
32899	39300
37296	39300
33393	33572
33393	36262
33393	37625
33393	40280
33393	42373
33572	36262
33572	37625
33572	40280
33572	42373
36262	37625
36262	40280
36262	42373
37625	40280
37625	42373
40280	42373
32928	33646
32928	34718
32928	39103
32928	41037
32928	41542
32928	42343
33646	34718
33646	39103
33646	41037
33646	41542
33646	42343
34718	39103
34718	41037
34718	41542
34718	42343
39103	41037
39103	41542
39103	42343
41037	41542
41037	42343
41542	42343
32941	35582
32941	37507
32941	39103
32941	40398
35582	37507
35582	39103
35582	40398
37507	39103
37507	40398
39103	40398
32941	33601
32941	33630
32941	33633
32941	34995
32941	36532
32941	38524
32941	40156
33601	33630
33601	33633
33601	34995
33601	36532
33601	38524
33601	40156
33630	33633
33630	34995
33630	36532
33630	38524
33630	40156
33633	34995
33633	36532
33633	38524
33633	40156
34995	36532
34995	38524
34995	40156
36532	38524
36532	40156
38524	40156
32944	39660
38978	40855
32949	33138
32949	33160
32949	33901
32949	37535
32949	38141
32949	40560
32949	42977
33138	33160
33138	33901
33138	37535
33138	38141
33138	40560
33138	42977
33160	33901
33160	37535
33160	38141
33160	40560
33160	42977
33901	37535
33901	38141
33901	40560
33901	42977
37535	38141
37535	40560
37535	42977
38141	40560
38141	42977
40560	42977
32967	39174
32967	40446
32967	40549
32967	42433
39174	40446
39174	40549
39174	42433
40446	40549
40446	42433
40549	42433
32980	34019
32980	38876
32980	39841
34019	38876
34019	39841
38876	39841
33845	35210
33845	36337
33845	38327
33845	42452
33845	42483
35210	36337
35210	38327
35210	42452
35210	42483
36337	38327
36337	42452
36337	42483
38327	42452
38327	42483
42452	42483
32986	33323
32986	34059
32986	37918
32986	40523
32986	41440
32986	42152
32986	42779
33323	34059
33323	37918
33323	40523
33323	41440
33323	42152
33323	42779
34059	37918
34059	40523
34059	41440
34059	42152
34059	42779
37918	40523
37918	41440
37918	42152
37918	42779
40523	41440
40523	42152
40523	42779
41440	42152
41440	42779
42152	42779
32988	39158
32988	42638
39158	42638
35864	38542
35864	39193
38542	39193
32995	34569
33014	36083
38742	39383
38742	41585
38742	42618
39383	41585
39383	42618
41585	42618
33028	36457
33028	36944
33028	39913
33028	41168
36457	36944
36457	39913
36457	41168
36944	39913
36944	41168
39913	41168
33061	38457
35688	39816
35688	40120
35688	41606
39816	40120
39816	41606
40120	41606
33092	34826
33092	35615
34826	35615
33112	33632
33112	37775
33112	38060
33112	38396
33112	39093
33632	37775
33632	38060
33632	38396
33632	39093
37775	38060
37775	38396
37775	39093
38060	38396
38060	39093
38396	39093
33112	35974
33112	36725
35974	36725
33632	37811
34456	35425
34456	38380
34456	39375
34456	40107
34456	41107
35425	38380
35425	39375
35425	40107
35425	41107
38380	39375
38380	40107
38380	41107
39375	40107
39375	41107
40107	41107
33139	37513
33139	40672
33139	41037
33139	42542
37513	40672
37513	41037
37513	42542
40672	41037
40672	42542
41037	42542
33139	36403
33139	38023
33139	38350
33139	40788
36403	38023
36403	38350
36403	40788
38023	38350
38023	40788
38350	40788
33142	36403
33142	40541
36403	40541
33144	36083
33155	33632
33155	34261
33155	39048
33155	39174
33155	40235
33155	42813
33632	34261
33632	39048
33632	39174
33632	40235
33632	42813
34261	39048
34261	39174
34261	40235
34261	42813
39048	39174
39048	40235
39048	42813
39174	40235
39174	42813
40235	42813
34769	38049
38436	40072
38436	40629
38436	41162
40072	40629
40072	41162
40629	41162
33193	34396
33193	35367
33193	38480
33193	51614
34396	35367
34396	38480
34396	51614
35367	38480
35367	51614
38480	51614
37963	40474
37963	40598
40474	40598
33219	34944
33219	37086
33219	37296
34944	37086
34944	37296
37086	37296
36402	37667
36402	39375
37667	39375
33219	37775
33219	35334
33219	35666
33219	40462
33219	41271
33219	42941
35334	35666
35334	40462
35334	41271
35334	42941
35666	40462
35666	41271
35666	42941
40462	41271
40462	42941
41271	42941
33461	39002
33461	40094
33461	42299
39002	40094
39002	42299
40094	42299
33234	34860
33234	36972
33234	38396
33234	39201
34860	36972
34860	38396
34860	39201
36972	38396
36972	39201
38396	39201
43672	46010
43672	46986
43672	49706
46010	46986
46010	49706
46986	49706
33257	35207
33257	39402
33257	42438
35207	39402
35207	42438
39402	42438
33270	34670
37072	37694
33324	34826
33324	40790
33324	42941
34826	40790
34826	42941
40790	42941
33364	35364
33364	38396
33364	38664
33364	40636
35364	38396
35364	38664
35364	40636
38396	38664
38396	40636
38664	40636
33364	38600
33364	39050
35875	36494
35875	38742
35875	40488
35875	40598
35875	41037
35875	41584
35875	41956
35875	42362
35875	42756
36494	38742
36494	40488
36494	40598
36494	41037
36494	41584
36494	41956
36494	42362
36494	42756
38742	40488
38742	40598
38742	41037
38742	41584
38742	41956
38742	42362
38742	42756
40488	40598
40488	41037
40488	41584
40488	41956
40488	42362
40488	42756
40598	41037
40598	41584
40598	41956
40598	42362
40598	42756
41037	41584
41037	41956
41037	42362
41037	42756
41584	41956
41584	42362
41584	42756
41956	42362
41956	42756
42362	42756
33380	33809
33380	34944
33380	37643
33380	41833
33809	34944
33809	37643
33809	41833
34944	37643
34944	41833
37643	41833
33382	41830
37667	41997
36457	37296
33396	41360
33426	47241
33429	33916
33429	36758
33429	38031
33429	39300
33429	39360
33429	40575
33916	36758
33916	38031
33916	39300
33916	39360
33916	40575
36758	38031
36758	39300
36758	39360
36758	40575
38031	39300
38031	39360
38031	40575
39300	39360
39300	40575
39360	40575
33429	33646
33429	37752
33429	39300
33429	41037
33429	42493
33429	42619
33646	37752
33646	39300
33646	41037
33646	42493
33646	42619
37752	39300
37752	41037
37752	42493
37752	42619
39300	41037
39300	42493
39300	42619
41037	42493
41037	42619
42493	42619
33475	41018
35878	37775
37775	40322
33496	34777
33496	37224
34777	37224
33507	33547
33507	39402
33507	41037
33547	39402
33547	41037
39402	41037
33542	38384
33542	38591
33542	41006
38384	38591
38384	41006
38591	41006
38093	42621
38093	50320
42621	50320
33550	35168
33550	41069
35168	41069
33551	38972
33551	42756
38972	42756
38945	40498
33577	38776
33584	41509
33584	41511
41509	41511
33584	34474
33584	38650
34474	38650
33620	37507
33621	36086
33621	38890
33621	39192
36086	38890
36086	39192
38890	39192
35334	35425
35334	35513
35334	35875
35334	40612
35425	35513
35425	35875
35425	40612
35513	35875
35513	40612
35875	40612
33646	42217
33646	42271
42217	42271
33646	34860
33646	40612
33646	41437
34860	40612
34860	41437
40612	41437
33646	34775
33646	34059
33646	35334
33646	41107
34059	35334
34059	41107
35334	41107
33658	42038
33658	42062
42038	42062
33888	34879
33888	36332
33888	41357
34879	36332
34879	41357
36332	41357
35858	37922
35858	40629
35858	41162
37922	40629
37922	41162
40629	41162
33722	34059
33722	37144
33722	38380
34059	37144
34059	38380
37144	38380
34565	40462
34792	38697
38656	40462
33787	41543
33787	42066
33787	42638
41543	42066
41543	42638
42066	42638
33787	34826
33787	35121
33787	35375
33787	35839
33787	36607
33787	44113
33787	47348
33787	47400
33787	48436
33787	48835
33787	49071
33787	50320
33787	51892
34826	35121
34826	35375
34826	35839
34826	36607
34826	44113
34826	47348
34826	47400
34826	48436
34826	48835
34826	49071
34826	50320
34826	51892
35121	35375
35121	35839
35121	36607
35121	44113
35121	47348
35121	47400
35121	48436
35121	48835
35121	49071
35121	50320
35121	51892
35375	35839
35375	36607
35375	44113
35375	47348
35375	47400
35375	48436
35375	48835
35375	49071
35375	50320
35375	51892
35839	36607
35839	44113
35839	47348
35839	47400
35839	48436
35839	48835
35839	49071
35839	50320
35839	51892
36607	44113
36607	47348
36607	47400
36607	48436
36607	48835
36607	49071
36607	50320
36607	51892
44113	47348
44113	47400
44113	48436
44113	48835
44113	49071
44113	50320
44113	51892
47348	47400
47348	48436
47348	48835
47348	49071
47348	50320
47348	51892
47400	48436
47400	48835
47400	49071
47400	50320
47400	51892
48436	48835
48436	49071
48436	50320
48436	51892
48835	49071
48835	50320
48835	51892
49071	50320
49071	51892
50320	51892
33847	34228
33847	42621
34228	42621
33809	35757
33809	38023
35757	38023
33809	39103
33809	40602
33809	42102
39103	40602
39103	42102
40602	42102
33865	41997
33865	34408
33865	39192
34408	39192
33865	34408
33888	36333
33888	43231
33888	45231
33888	45765
33888	49211
36333	43231
36333	45231
36333	45765
36333	49211
43231	45231
43231	45765
43231	49211
45231	45765
45231	49211
45765	49211
33893	36519
33893	37775
33893	40636
36519	37775
36519	40636
37775	40636
33899	41500
33912	38325
33912	38380
33912	38455
33912	40107
38325	38380
38325	38455
38325	40107
38380	38455
38380	40107
38455	40107
34059	34776
34059	35688
34059	38093
34059	42102
34776	35688
34776	38093
34776	42102
35688	38093
35688	42102
38093	42102
33912	34059
33912	38380
34059	38380
33988	35967
33988	37296
33988	42581
35967	37296
35967	42581
37296	42581
34019	35121
34019	38870
34019	38919
35121	38870
35121	38919
38870	38919
34027	34983
34027	42433
34983	42433
34031	34819
34031	35673
34031	42044
34819	35673
34819	42044
35673	42044
34059	43065
34059	36392
34059	38380
34059	41658
36392	38380
36392	41658
38380	41658
48415	49996
34059	36403
34059	42295
36403	42295
34059	38823
34059	42621
34059	35118
34059	40241
34059	42102
34059	44862
34059	51339
35118	40241
35118	42102
35118	44862
35118	51339
40241	42102
40241	44862
40241	51339
42102	44862
42102	51339
44862	51339
34063	37097
34063	39375
34063	40107
37097	39375
37097	40107
39375	40107
34070	34794
34070	36451
34070	37819
34070	38447
34070	39375
34070	41013
34070	42173
34794	36451
34794	37819
34794	38447
34794	39375
34794	41013
34794	42173
36451	37819
36451	38447
36451	39375
36451	41013
36451	42173
37819	38447
37819	39375
37819	41013
37819	42173
38447	39375
38447	41013
38447	42173
39375	41013
39375	42173
41013	42173
34125	35187
34125	36388
34125	37818
35187	36388
35187	37818
36388	37818
34181	35663
34181	41606
34181	41732
35663	41606
35663	41732
41606	41732
34244	37636
34244	42340
37636	42340
34261	39048
34261	40612
39048	40612
34301	36254
34311	38116
34379	35866
34379	40359
35866	40359
34381	41843
34381	42299
41843	42299
34399	42299
34399	42343
42299	42343
35601	35666
35601	37983
35601	42011
35666	37983
35666	42011
37983	42011
34408	41187
34461	46309
34461	51642
46309	51642
34475	39472
34479	38670
34479	42452
38670	42452
34494	38776
41935	44096
41935	48883
41935	50138
44096	48883
44096	50138
48883	50138
34564	36403
34564	38781
34564	39630
34564	40541
36403	38781
36403	39630
36403	40541
38781	39630
38781	40541
39630	40541
34565	36494
34565	36628
34565	38656
34565	40462
36494	36628
36494	38656
36494	40462
36628	38656
36628	40462
38656	40462
34710	37208
34819	35188
34819	39791
35188	39791
34749	36068
34749	37133
34749	46371
36068	37133
36068	46371
37133	46371
34764	36327
34764	38776
34764	40334
34764	40485
34764	40503
36327	38776
36327	40334
36327	40485
36327	40503
38776	40334
38776	40485
38776	40503
40334	40485
40334	40503
40485	40503
38093	40462
44564	47542
34819	40550
34982	37745
34982	38105
34982	41777
37745	38105
37745	41777
38105	41777
34860	37193
34860	37667
34860	39814
34860	40322
37193	37667
37193	39814
37193	40322
37667	39814
37667	40322
39814	40322
37643	39814
36311	36403
34926	40541
35053	36403
35053	36667
36403	36667
39016	40245
34944	41997
34944	36626
34945	40973
35053	37207
35053	40205
35053	42779
37207	40205
37207	42779
40205	42779
35053	36083
35087	41979
35112	42791
35118	41687
35118	41975
41687	41975
35121	35422
35121	35601
35121	37764
35121	38077
35121	40741
35121	42263
35422	35601
35422	37764
35422	38077
35422	40741
35422	42263
35601	37764
35601	38077
35601	40741
35601	42263
37764	38077
37764	40741
37764	42263
38077	40741
38077	42263
40741	42263
35121	40534
35121	41271
35121	46067
35121	46458
35121	46845
35121	47681
35121	49876
35121	50320
40534	41271
40534	46067
40534	46458
40534	46845
40534	47681
40534	49876
40534	50320
41271	46067
41271	46458
41271	46845
41271	47681
41271	49876
41271	50320
46067	46458
46067	46845
46067	47681
46067	49876
46067	50320
46458	46845
46458	47681
46458	49876
46458	50320
46845	47681
46845	49876
46845	50320
47681	49876
47681	50320
49876	50320
35121	35334
35126	37963
35126	39814
35126	42426
37963	39814
37963	42426
39814	42426
35168	36016
35174	36254
35174	38031
35174	38818
35174	41037
35174	42638
36254	38031
36254	38818
36254	41037
36254	42638
38031	38818
38031	41037
38031	42638
38818	41037
38818	42638
41037	42638
35174	39300
35188	35839
35188	36910
35839	36910
35195	37811
35195	38093
35195	40598
35195	42102
35195	42878
37811	38093
37811	40598
37811	42102
37811	42878
38093	40598
38093	42102
38093	42878
40598	42102
40598	42878
42102	42878
35726	35766
35726	37563
35726	42692
35766	37563
35766	42692
37563	42692
36978	42813
35839	41119
35334	36403
35334	41437
36403	41437
35334	38023
35334	40762
38023	40762
35334	40461
35334	40612
35334	42792
40461	40612
40461	42792
40612	42792
35359	40541
35359	42779
40541	42779
35375	36083
35425	36996
35448	38741
35448	42387
38741	42387
35757	37267
35757	37801
35757	41695
37267	37801
37267	41695
37801	41695
37507	42887
35513	38600
35513	40815
35513	43421
38600	40815
38600	43421
40815	43421
35513	40462
35513	41843
35513	42102
40462	41843
40462	42102
41843	42102
35533	36327
35533	37177
36327	37177
35610	36153
35610	36451
36153	36451
35757	36398
35757	37653
36398	37653
36856	42154
35789	39192
35790	36972
35790	38742
36972	38742
35834	40741
35839	40612
35839	36392
35839	41717
36392	41717
35839	35858
35839	39201
35839	39278
35839	45993
35858	39201
35858	39278
35858	45993
39201	39278
39201	45993
39278	45993
35839	38600
35848	39048
35848	39174
35848	42251
35848	42478
39048	39174
39048	42251
39048	42478
39174	42251
39174	42478
42251	42478
35875	40612
35919	37963
35919	36403
35919	36457
35919	38686
35919	41168
36403	36457
36403	38686
36403	41168
36457	38686
36457	41168
38686	41168
35973	36402
35973	36972
35973	38116
36402	36972
36402	38116
36972	38116
35974	37984
35974	42621
37984	42621
36029	41168
36029	42102
41168	42102
36056	40205
36056	36403
36056	36403
36056	36667
36056	38396
36056	39814
36056	40736
36056	42362
36403	36667
36403	38396
36403	39814
36403	40736
36403	42362
36667	38396
36667	39814
36667	40736
36667	42362
38396	39814
38396	40736
38396	42362
39814	40736
39814	42362
40736	42362
36083	36403
36083	38906
36083	40606
36083	41306
40606	41306
36083	40205
36083	36278
36083	36403
36083	42779
36403	42779
36083	36403
36083	40205
36403	40205
36083	38446
36083	40541
36083	40205
36083	36403
36120	36398
36120	41997
36158	40107
36158	41104
40107	41104
36173	37064
36183	38650
36207	37558
36403	37207
36333	36372
36349	38261
36380	38877
36380	42692
38877	42692
36380	38877
36399	39090
36403	40205
36403	42439
40205	42439
36403	36531
36403	38852
36403	39424
38852	39424
36430	38246
36494	39913
36494	40107
39913	40107
38429	38900
38429	39940
38429	40107
38429	42560
38900	39940
38900	40107
38900	42560
39940	40107
39940	42560
40107	42560
36532	37074
36532	37958
36532	40322
37074	37958
37074	40322
37958	40322
36592	37758
36626	37870
37643	37775
37643	40488
37775	40488
37643	42878
36709	38116
36710	42493
37753	38788
37753	42590
38788	42590
36856	38435
36906	38396
36906	40033
36906	42387
36906	42795
38396	40033
38396	42387
38396	42795
40033	42387
40033	42795
42387	42795
36966	41585
36972	40476
37086	39093
37170	37171
37212	41979
37212	40462
37212	40462
37240	37241
37240	50449
37241	50449
37296	39300
37507	50625
37507	51434
50625	51434
37636	38023
37643	38600
37643	38600
37643	39278
38600	39278
37667	40107
37667	42102
40107	42102
37667	41979
37667	39814
37775	41274
37963	39814
38023	39842
38023	39729
38023	38896
38023	40790
38106	41336
38106	42409
41336	42409
38237	41476
38325	39940
38325	40598
38325	43364
39940	40598
39940	43364
40598	43364
38414	39023
38414	40462
38414	41015
39023	40462
39023	41015
40462	41015
38436	40072
38436	41247
40072	41247
38491	40830
41510	49072
38641	41723
38645	39174
38645	40245
38645	41553
39174	40245
39174	41553
40245	41553
39402	41018
38919	39436
38919	42967
39436	42967
38931	42365
38978	38983
39278	40488
39476	43943
39578	44092
39632	41542
39632	42362
41542	42362
39973	49927
40107	42493
40367	40790
40462	41451
40485	40608
40549	41156
40549	41451
41156	41451
41225	44172
41271	43408
41271	46255
43408	46255
41271	43408
41271	46255
41271	50589
43408	46255
43408	50589
46255	50589
41343	42263
41842	48449
41997	49871
43228	44350
43228	45693
43228	46819
44350	45693
44350	46819
45693	46819
43408	46255
43408	46255
43408	50589
46255	50589
43534	45399
43906	48826
45445	48964
45445	50043
48964	50043
45517	46755
46052	51707
46614	49996
47518	48829
47518	51108
48829	51108
47711	50310
47907	48178
47907	48619
48178	48619
49779	51894
