"investors"	"companies"
33640	11086
33640	11088
33640	11089
33640	11090
33640	11111
33640	11112
33640	11113
33640	11114
33640	11115
34145	12697
34257	12943
35974	7581
36626	18592
37870	18592
37940	7581
38069	7581
38116	16808
38943	7581
39213	7581
40462	7581
41028	7581
41225	26406
41225	26415
41225	26432
41225	26435
41225	26448
41225	26450
41225	26454
41225	26465
41225	26467
41225	26497
41225	26515
41225	26516
41225	26518
41225	26521
41225	26522
41225	26525
41225	26529
41225	26531
41225	26532
41225	26533
41225	26536
41225	26539
41225	26542
41225	26544
41225	26545
41225	26546
41225	26549
41225	26553
41225	26567
41225	26569
41225	26613
42218	27872
42218	27879
42218	27879
46663	30074
51813	5589
