"investors"	"companies"
30872	159
30872	189
30872	190
31230	2478
31265	2636
31424	3530
31463	3849
31772	4936
31982	3849
31984	5930
32027	6034
32027	6049
32052	4109
32303	7409
32303	5675
32303	7411
32303	7422
32303	7423
32303	7426
32783	4815
33014	9433
33190	9765
33324	10235
33324	10235
33364	3488
33429	10484
33556	2478
33621	10966
33640	11086
33640	11088
33640	11089
33640	11090
33640	11091
33640	11092
33640	11093
33640	11111
33640	11112
33640	11113
33640	11114
33640	11115
33640	11116
33787	4815
34125	12623
34145	12697
34145	12701
34145	12702
34145	12705
34228	12919
34257	12943
34410	4109
34550	6409
34595	13732
34826	10235
34826	10235
35513	15900
35757	4936
35757	16409
35839	16658
35973	16808
35974	7581
36083	17082
36083	17085
36083	9433
36083	17095
36083	17140
36083	17141
36083	17142
36083	17143
36083	17144
36083	17165
36083	17165
36083	17166
36083	17167
36083	17170
36083	17187
36276	4815
36311	4109
36327	5930
36392	16658
36402	16808
36402	4815
36403	17140
36403	17187
36446	4936
36451	12541
36531	18135
36626	18592
36710	3530
36972	16808
37240	19940
37241	19940
37507	20303
37870	18592
37940	7581
37963	2636
38064	21337
38069	7581
38115	4936
38116	16808
38447	12541
38447	2478
38664	3488
38906	22646
38943	7581
39213	7581
39300	10484
39362	3530
39375	12541
40462	7581
40514	24784
40541	17167
40612	24975
40725	15063
40748	25132
40748	25140
40748	25141
40748	25143
40748	25143
40748	25143
40790	10235
41028	7581
41037	10484
41132	3530
41225	26398
41225	26399
41225	26405
41225	26406
41225	26407
41225	26409
41225	26410
41225	26411
41225	26413
41225	26415
41225	26417
41225	26418
41225	26422
41225	26424
41225	26426
41225	26427
41225	26428
41225	26429
41225	26432
41225	26434
41225	26435
41225	26436
41225	26437
41225	26438
41225	26439
41225	26443
41225	26447
41225	26448
41225	26450
41225	26451
41225	26452
41225	26453
41225	26454
41225	26456
41225	26457
41225	26458
41225	26459
41225	26462
41225	26465
41225	26467
41225	26482
41225	26489
41225	26494
41225	26495
41225	26496
41225	26497
41225	26499
41225	26506
41225	26514
41225	26515
41225	26516
41225	26517
41225	26518
41225	26519
41225	26520
41225	26521
41225	26522
41225	26523
41225	26524
41225	26525
41225	26526
41225	26527
41225	26528
41225	26529
41225	26530
41225	26531
41225	26532
41225	26533
41225	26534
41225	26535
41225	26536
41225	26537
41225	26539
41225	26540
41225	26541
41225	26542
41225	26543
41225	26544
41225	26545
41225	26546
41225	26548
41225	26549
41225	26550
41225	26553
41225	26555
41225	26567
41225	26569
41225	26570
41225	26571
41225	26572
41225	26574
41225	26575
41225	26577
41225	26578
41225	26581
41225	26585
41225	26587
41225	26598
41225	26600
41225	26606
41225	26613
41271	6049
41717	16658
42005	27663
42005	27664
42218	27856
42218	27857
42218	27858
42218	27858
42218	27862
42218	27864
42218	24150
42218	27872
42218	27874
42218	27878
42218	27879
42218	27879
42218	27880
42218	27880
42358	2478
42438	3530
42619	10484
42638	9367
42664	28318
42779	17140
42910	28711
42941	10235
43053	29136
43231	11896
43823	29399
44172	26519
45231	11896
45711	3849
45728	6034
45728	6049
45765	11896
46052	29943
46200	29973
46332	30010
46488	2636
46663	30074
46988	4815
47711	30212
47844	30235
48436	11634
49071	11634
49211	11896
49245	3488
50310	30212
50320	3849
50449	19940
50625	20303
50713	30685
51434	20303
51707	29943
51813	5589
51892	11634
