"investors"	"companies"
30838	66
30849	95
30872	159
30872	162
30872	173
30872	174
30872	175
30872	177
30872	185
30872	186
30872	187
30872	188
30872	189
30872	190
30872	191
30882	207
30882	208
30882	210
30882	234
30882	237
30882	237
30882	240
30882	242
30882	242
30882	242
30882	250
30882	252
30882	255
30882	262
30882	264
30882	266
30882	272
30882	274
30882	277
30882	278
30887	311
30890	316
30947	1032
30947	1032
30955	1047
30968	1080
30972	1124
30973	1125
30982	1168
30982	1184
30982	1184
30982	1184
30997	1234
30999	1265
30999	1315
30999	1324
30999	1352
30999	1365
30999	1378
30999	1417
30999	1447
30999	1451
30999	1483
30999	1499
30999	1511
30999	1511
30999	1512
30999	1515
30999	1515
30999	1515
31034	1724
31037	1760
31040	1762
31040	1764
31040	63
31050	1788
31061	1804
31061	1807
31061	1817
31076	1864
31076	1880
31076	1885
31084	1903
31087	1955
31087	1966
31087	1511
31087	1511
31091	1997
31093	2002
31107	2029
31116	2061
31120	2102
31120	2104
31120	2110
31120	2111
31120	2111
31124	2139
31128	2188
31130	234
31130	2201
31171	2338
31178	2351
31178	2352
31195	2390
31195	2391
31217	2441
31217	2441
31230	2478
31264	2625
31265	2629
31265	2634
31265	2636
31265	2636
31265	2636
31265	2642
31265	2642
31265	2645
31265	1451
31266	2653
31269	2673
31270	2682
31270	2682
31270	2700
31274	2722
31279	2746
31279	2785
31279	1548
31280	2802
31282	2817
31282	2820
31282	2820
31282	2820
31292	2868
31292	2869
31292	2560
31319	3044
31328	1804
31328	2391
31329	1032
31329	1032
31330	3091
31330	252
31362	3248
31365	3287
31365	3287
31365	3291
31365	3301
31365	3310
31369	3319
31394	3418
31401	2704
31403	1221
31403	3438
31407	2057
31407	3443
31407	3444
31413	3465
31413	3465
31413	2634
31416	3484
31416	3489
31416	3495
31416	1955
31416	3500
31416	3505
31424	3530
31424	3530
31425	3535
31425	3535
31436	3600
31439	3603
31456	3828
31463	3841
31463	3846
31463	3849
31486	3971
31507	4020
31507	2709
31507	1206
31516	3444
31516	1528
31516	1528
31518	1804
31518	4071
31518	4080
31518	1817
31520	4094
31522	4096
31522	4103
31522	4108
31522	4109
31522	4109
31530	1903
31535	4135
31541	4167
31562	4202
31567	234
31573	4242
31581	4267
31581	2560
31581	4277
31581	4281
31581	4281
31598	2477
31607	4368
31607	4368
31610	4371
31610	4374
31610	1483
31617	4391
31617	4391
31648	4459
31648	4460
31648	2145
31661	4509
31665	4543
31665	4549
31673	4560
31676	4567
31677	4568
31677	4574
31677	4578
31677	4579
31677	4579
31684	4610
31700	4647
31700	4648
31701	4659
31705	4664
31716	4722
31716	4724
31716	4724
31716	4724
31716	4726
31716	3124
31718	4738
31726	4756
31744	4815
31745	4836
31745	4838
31755	4864
31772	4917
31772	4919
31772	4936
31772	4941
31772	4944
31772	4949
31788	2636
31788	2636
31800	5086
31800	5087
31810	4167
31810	5141
31810	5143
31810	5146
31814	5159
31822	66
31822	3592
31822	5186
31837	2352
31837	5232
31837	5236
31837	5246
31837	5256
31837	5258
31837	5258
31837	5268
31837	5276
31837	1180
31837	5292
31837	1184
31837	1184
31837	1184
31837	1184
31837	1184
31837	5300
31839	5313
31842	5319
31842	5319
31846	5325
31846	5325
31857	2560
31857	1124
31860	4440
31877	3082
31878	5418
31914	2201
31922	3828
31922	5585
31922	5589
31922	1483
31934	5623
31951	5673
31951	5673
31952	5681
31952	5697
31952	5708
31952	5708
31954	2642
31954	2642
31957	5777
31957	5777
31962	5786
31962	1255
31962	5805
31962	5809
31962	5818
31962	1125
31962	5837
31962	175
31980	1997
31980	1997
31982	5884
31982	5889
31982	3849
31984	5930
31986	3287
31986	1483
31997	4202
31998	5971
31998	2338
32000	5973
32016	2959
32021	2700
32021	2700
32027	6034
32027	6049
32033	6115
32033	250
32042	6148
32042	6153
32042	3995
32042	3995
32042	2686
32042	6212
32042	6212
32042	6212
32042	6234
32042	6235
32042	6235
32051	6280
32051	6280
32052	6286
32052	6291
32052	1172
32052	6302
32052	1032
32052	1032
32052	4109
32052	2102
32052	6310
32062	4574
32064	237
32064	237
32064	237
32064	6380
32077	6409
32089	4756
32089	6444
32089	6448
32089	4748
32089	6459
32089	6460
32089	6468
32089	264
32089	6494
32104	3841
32105	6556
32105	6556
32105	6556
32115	6564
32118	6577
32133	6597
32151	6706
32151	6706
32151	1265
32151	6718
32151	6724
32151	2202
32151	2240
32151	5708
32151	5708
32151	5708
32151	1378
32151	6750
32151	1125
32151	3418
32151	3418
32151	6765
32151	6773
32151	6235
32151	2832
32151	3443
32151	3443
32151	2061
32154	6807
32156	6813
32192	2653
32192	6931
32192	6931
32192	6944
32192	6951
32192	6951
32192	3174
32192	6982
32192	1417
32192	7005
32192	2104
32192	2104
32192	7011
32192	7016
32192	3535
32192	3535
32192	3535
32195	7049
32209	3841
32249	5418
32250	7294
32253	7296
32253	2826
32260	7307
32262	1903
32266	7328
32282	7363
32303	7408
32303	7409
32303	7410
32303	5675
32303	7411
32303	7412
32303	7413
32303	7415
32303	7416
32303	7420
32303	7422
32303	7423
32303	7424
32303	7425
32303	7426
32308	7433
32336	6930
32336	240
32336	7495
32369	7578
32370	7581
32370	7581
32370	7586
32395	7638
32407	7668
32412	7707
32412	1221
32412	3438
32412	7712
32413	7713
32414	1804
32414	7729
32414	7750
32414	7750
32414	7760
32418	7786
32423	3484
32431	7863
32437	7870
32480	8007
32488	8030
32492	8043
32492	8043
32494	8046
32498	4610
32504	1483
32523	7770
32536	8218
32553	1760
32579	8322
32590	7750
32591	8340
32603	8369
32614	4611
32617	8384
32623	1903
32623	7307
32641	7307
32651	8425
32665	8452
32665	8453
32665	8454
32670	8472
32675	1880
32716	8587
32734	8642
32759	2477
32768	6813
32768	8722
32768	5744
32775	8746
32775	8746
32783	8774
32783	4815
32783	8784
32783	2390
32783	8371
32783	8795
32783	8802
32783	8809
32783	2820
32783	2820
32783	7760
32783	1184
32783	1184
32783	8837
32783	4726
32791	4748
32805	8866
32805	8867
32819	8895
32819	2002
32823	7307
32836	3443
32847	8997
32866	9039
32880	9068
32886	9078
32889	4135
32889	6930
32889	6930
32890	9089
32890	9091
32890	3465
32890	1180
32890	6996
32897	1168
32897	9107
32897	9118
32899	9139
32899	9150
32899	6203
32899	9163
32899	9163
32899	9163
32899	9165
32899	9170
32899	9170
32928	4277
32928	9213
32941	9235
32941	6951
32941	6951
32941	9244
32944	9255
32949	9266
32962	2145
32967	9302
32967	252
32980	9327
32986	9363
32988	9367
32989	252
32989	264
32995	4384
32995	9396
33014	9433
33028	9455
33061	9507
33076	9538
33090	8746
33090	8746
33092	4391
33092	9558
33103	8282
33103	8282
33106	9593
33108	7363
33112	9604
33112	9606
33125	4664
33138	9266
33139	9660
33139	9661
33139	9661
33139	4664
33139	4664
33142	9341
33142	9667
33144	9670
33144	9673
33155	9695
33160	9266
33178	9726
33190	9765
33190	9767
33193	9769
33196	1966
33204	9784
33212	3044
33216	3841
33216	3841
33219	4919
33219	9836
33219	9845
33219	9853
33219	1817
33223	1483
33225	5973
33234	9932
33254	3530
33254	3530
33257	9993
33270	10043
33271	4391
33285	4339
33288	10103
33314	5073
33314	5073
33315	8642
33322	7307
33323	10234
33323	4659
33323	9363
33324	5087
33324	10235
33324	10235
33327	10239
33331	274
33364	2653
33364	10311
33364	10311
33364	10311
33364	6944
33364	3488
33364	10320
33364	7011
33364	10329
33364	10329
33364	8837
33366	10339
33366	10339
33366	10341
33380	10358
33380	1324
33380	1946
33382	3418
33382	10382
33382	1760
33382	1760
33387	4339
33391	272
33393	5691
33393	9208
33396	10437
33396	10441
33407	3444
33411	1027
33411	1027
33420	2045
33420	6564
33426	10480
33429	10483
33429	10483
33429	10484
33429	10484
33442	95
33458	3465
33458	5325
33458	5325
33461	3841
33461	3841
33461	9855
33461	10622
33472	4560
33475	10653
33496	10675
33500	4560
33500	3044
33507	10706
33530	1903
33542	10779
33543	8774
33543	8774
33547	6944
33547	10706
33550	8043
33550	10789
33551	10790
33555	8218
33555	6494
33556	2478
33572	9208
33577	10849
33584	10859
33584	10860
33593	1124
33601	6286
33601	1920
33601	4864
33601	9244
33601	7011
33601	2832
33620	10964
33621	10966
33621	10966
33621	10966
33630	9244
33632	11006
33632	9612
33632	6706
33632	9695
33632	9604
33632	4838
33632	2061
33633	6286
33633	11046
33633	9244
33640	11086
33640	11088
33640	11089
33640	11090
33640	11091
33640	11092
33640	11093
33640	11094
33640	11096
33640	11097
33640	11104
33640	11105
33640	11106
33640	11107
33640	11110
33640	11111
33640	11112
33640	11113
33640	11114
33640	11115
33640	11116
33646	11167
33646	11179
33646	11179
33646	11189
33646	10484
33646	2645
33646	11218
33646	11218
33646	7005
33646	1184
33646	7011
33646	7016
33646	9213
33657	7307
33658	11261
33698	2201
33722	11518
33732	4440
33740	3530
33746	1903
33746	264
33748	5708
33787	11631
33787	4815
33787	11634
33795	3530
33795	1184
33803	234
33809	10358
33809	2629
33809	6459
33809	11691
33809	11706
33809	11706
33809	11711
33845	9331
33847	11647
33859	8369
33865	11824
33865	11829
33865	11829
33865	11832
33866	1378
33872	4647
33883	11883
33888	11892
33888	6444
33888	11267
33888	11896
33893	11912
33893	1234
33893	5073
33893	5073
33896	4659
33899	11924
33899	4371
33901	9266
33912	11972
33912	11983
33916	10483
33916	10483
33930	2110
33935	1955
33977	2188
33985	12089
33985	6407
33988	12095
34002	12118
34002	12119
34002	12119
34010	2820
34012	12137
34012	3535
34012	282
34012	282
34012	3341
34019	12168
34019	9327
34026	1997
34026	1997
34026	1997
34026	1997
34026	1997
34026	1997
34027	12177
34027	2110
34031	12199
34031	1184
34059	4135
34059	12269
34059	2145
34059	12305
34059	11975
34059	2817
34059	12315
34059	4732
34059	7750
34059	12338
34059	11518
34059	6980
34059	6309
34059	11218
34059	11218
34059	11218
34059	6280
34059	6280
34059	12364
34059	12364
34059	5144
34059	9363
34059	12365
34059	12365
34059	11983
34059	4813
34059	12376
34063	12386
34063	4391
34063	4391
34063	4732
34063	3418
34070	12541
34075	3530
34076	2647
34093	2352
34093	2390
34111	1903
34120	5599
34120	5599
34125	12623
34134	255
34134	12668
34145	2202
34145	10069
34145	12695
34145	12696
34145	12697
34145	12698
34145	12699
34145	12700
34145	12701
34145	12702
34145	12704
34145	12705
34145	12707
34145	274
34145	12710
34156	2700
34156	4368
34156	4368
34168	8043
34171	5073
34172	7016
34174	2090
34174	12785
34181	4096
34181	12804
34208	8322
34219	12860
34219	1946
34220	7578
34226	12887
34226	12902
34228	66
34228	11647
34228	2338
34228	12919
34241	1125
34244	12930
34247	4581
34257	12943
34261	12947
34261	9695
34261	4724
34264	2722
34301	13100
34303	3310
34311	13116
34317	13134
34340	3415
34341	13188
34342	2746
34342	2746
34357	5086
34361	2188
34363	13215
34379	13239
34381	6460
34381	13249
34381	13249
34396	9769
34399	13296
34408	13316
34408	11829
34408	11832
34409	2868
34409	1184
34409	1184
34410	4109
34410	4109
34410	4109
34410	4109
34419	13415
34420	4440
34446	4460
34446	8867
34450	13532
34456	9619
34457	13548
34461	13554
34474	10860
34475	5256
34475	13572
34479	13576
34494	13589
34498	13609
34498	13615
34509	4443
34536	3082
34536	6979
34536	6979
34550	6409
34564	13696
34565	11534
34565	13698
34569	4384
34569	9396
34595	13732
34604	10925
34628	2145
34670	10043
34696	13953
34707	2202
34710	13995
34710	13997
34718	9213
34737	14034
34738	14035
34738	14036
34738	14042
34738	4636
34738	14047
34743	14078
34749	14083
34749	14083
34764	14119
34769	210
34769	9732
34769	14129
34775	11189
34776	8384
34776	11975
34777	10675
34777	10675
34789	6773
34792	10626
34792	11547
34794	12541
34794	12541
34806	4443
34819	12199
34819	4267
34819	252
34819	14014
34819	8322
34819	7016
34819	14256
34819	14256
34826	10235
34826	10235
34826	9558
34826	11634
34826	1511
34826	1511
34852	9068
34852	2690
34860	14375
34860	11179
34860	5143
34860	9932
34860	2832
34879	4756
34879	11267
34886	14434
34890	9091
34906	7578
34907	5599
34907	5599
34918	1183
34924	5159
34926	14532
34944	14561
34944	10358
34944	6286
34944	2629
34944	9836
34944	14582
34944	3415
34944	7038
34944	6310
34944	1515
34944	1515
34944	1515
34944	1206
34945	14606
34945	14608
34946	2111
34971	3418
34982	14363
34983	12177
34984	7038
34984	7586
34984	3124
34995	9244
35000	8007
35000	8030
35002	6153
35029	9163
35030	2629
35030	9163
35053	14903
35053	14905
35053	6302
35053	4659
35053	14533
35087	6148
35087	9107
35087	14958
35087	14958
35087	14958
35087	14958
35087	7638
35087	7638
35087	7638
35087	7638
35087	5141
35090	14961
35102	65
35102	8642
35102	991
35112	15022
35118	15029
35118	12376
35121	9089
35121	3465
35121	15033
35121	12168
35121	15034
35121	11634
35121	15035
35121	4579
35126	15040
35156	4242
35161	2802
35161	2153
35168	15100
35168	15101
35168	15102
35168	15105
35168	15106
35168	15107
35168	15108
35168	209
35168	15109
35168	15110
35168	7860
35168	15111
35168	15112
35168	2031
35168	15113
35168	15113
35168	1178
35168	10789
35174	15121
35174	15128
35187	12623
35187	12623
35188	15166
35188	14014
35188	2830
35188	1528
35188	1528
35195	15227
35207	9993
35207	1378
35210	9331
35227	15268
35253	4277
35253	5300
35258	3535
35274	3091
35281	7723
35281	1378
35281	6750
35281	9163
35281	9163
35306	6718
35306	1047
35319	4391
35319	4391
35334	15459
35334	10977
35334	1172
35334	9853
35334	9853
35334	15469
35334	11218
35334	15474
35334	2104
35334	2104
35334	7016
35334	15035
35334	4578
35336	6807
35340	7307
35341	6773
35344	8774
35344	8774
35344	8774
35344	15496
35359	15522
35364	2629
35364	10311
35367	9769
35375	6706
35375	1903
35375	7578
35375	15579
35375	1365
35375	15584
35375	4659
35375	11634
35392	2139
35422	15033
35422	15033
35425	10977
35425	6459
35425	9619
35425	15687
35435	2029
35435	7712
35443	4574
35448	15691
35459	6807
35469	15787
35511	1946
35513	10977
35513	9139
35513	2079
35513	5256
35513	15891
35513	15892
35513	15900
35513	15900
35513	15900
35513	8722
35513	5745
35522	7786
35533	15949
35533	3592
35545	4748
35557	9214
35571	16049
35571	6564
35582	9235
35601	15033
35601	13298
35601	4659
35610	16116
35610	9107
35610	8774
35610	8774
35610	8774
35615	9558
35634	2636
35634	2636
35635	1184
35643	8587
35663	12804
35666	9853
35666	5269
35666	13298
35673	12199
35673	1997
35673	16203
35673	2625
35673	2625
35673	2636
35688	9548
35688	11975
35688	2560
35692	1979
35726	3091
35726	15355
35737	2560
35747	3091
35747	2110
35751	1080
35757	16407
35757	4936
35757	4936
35757	16409
35757	15854
35757	11691
35757	16412
35757	16415
35766	15355
35789	16459
35789	16462
35790	16474
35790	16477
35827	4864
35833	3319
35834	16635
35837	11742
35839	15166
35839	4949
35839	16657
35839	16658
35839	16659
35839	16659
35839	4374
35839	16668
35839	1417
35839	15413
35839	11634
35839	5186
35848	16681
35848	16681
35858	16659
35858	16659
35858	16659
35858	11280
35862	2629
35864	9385
35866	13239
35875	10977
35875	7786
35875	16706
35875	10333
35876	16707
35878	10670
35878	10670
35884	7294
35889	1125
35902	1483
35919	16740
35919	1047
35919	16744
35928	1047
35967	12095
35973	16808
35974	16816
35974	16821
35974	7581
35974	7581
35974	7581
35974	7581
35974	9606
35974	1973
35980	2477
35987	1880
35999	6203
36003	3841
36003	3841
36003	266
36006	2002
36016	12868
36016	16941
36016	16943
36016	16944
36016	16946
36016	16947
36016	16948
36016	4102
36016	15113
36016	16949
36020	6409
36029	16973
36044	7491
36056	16996
36056	16997
36056	16997
36056	9355
36056	17001
36056	17001
36056	17002
36056	17002
36068	14083
36068	14083
36068	5599
36068	5599
36068	5599
36077	17035
36077	7870
36077	17039
36077	17039
36083	15579
36083	17075
36083	17075
36083	17079
36083	17080
36083	17081
36083	17082
36083	17083
36083	17084
36083	17085
36083	17086
36083	9433
36083	17087
36083	17087
36083	17088
36083	9699
36083	14900
36083	17094
36083	17095
36083	17097
36083	17097
36083	17105
36083	17106
36083	7735
36083	17107
36083	17107
36083	17108
36083	17108
36083	17109
36083	17110
36083	17113
36083	5269
36083	17125
36083	17128
36083	9670
36083	9670
36083	17137
36083	17140
36083	17141
36083	17142
36083	17143
36083	17144
36083	17146
36083	17161
36083	17162
36083	9349
36083	17164
36083	17165
36083	17165
36083	17166
36083	17166
36083	17167
36083	17168
36083	14905
36083	14905
36083	12333
36083	17169
36083	17170
36083	17170
36083	9508
36083	17173
36083	17187
36086	10966
36086	10966
36111	5269
36115	6597
36120	5236
36120	17290
36120	5697
36120	17293
36120	1788
36120	17300
36124	6148
36141	17355
36153	16116
36153	14856
36158	17384
36158	3418
36158	3418
36173	2560
36173	17466
36173	17473
36173	17481
36173	17483
36173	1221
36183	17502
36188	4202
36188	5971
36207	17540
36207	17541
36207	4919
36207	6813
36207	5585
36207	1125
36207	5837
36207	5186
36249	2202
36254	9139
36254	15121
36254	13100
36255	4664
36259	4567
36262	9208
36270	5073
36273	76
36276	4815
36278	17113
36311	14477
36311	4568
36311	4109
36311	4109
36327	5972
36327	15949
36327	5930
36327	2820
36327	2820
36327	8642
36327	14119
36328	17809
36328	17809
36328	17809
36328	6494
36328	8855
36328	8855
36328	8855
36328	17819
36332	5609
36332	11267
36333	17829
36333	4756
36333	11896
36337	9331
36337	991
36349	17910
36349	17910
36361	6409
36371	1955
36372	17829
36380	17979
36380	17979
36380	17986
36380	6982
36380	9165
36380	8352
36380	6243
36380	18001
36388	12623
36392	12315
36392	16658
36392	1955
36392	1760
36392	1511
36392	1511
36398	6931
36398	6931
36398	17290
36398	16412
36398	3418
36398	3443
36398	311
36399	18028
36402	16808
36402	18031
36402	4815
36402	9841
36402	4549
36403	6148
36403	208
36403	14477
36403	4543
36403	4460
36403	15459
36403	3841
36403	242
36403	242
36403	3291
36403	1807
36403	6597
36403	16744
36403	17087
36403	17087
36403	2428
36403	17140
36403	17144
36403	18124
36403	13696
36403	18135
36403	17697
36403	7750
36403	12338
36403	17001
36403	17001
36403	9667
36403	17002
36403	17002
36403	2441
36403	18145
36403	9661
36403	9661
36403	8837
36403	1490
36403	14533
36403	17187
36403	1206
36430	18206
36446	4936
36451	16116
36451	12541
36451	12541
36451	12541
36451	3105
36451	8043
36451	8043
36457	9455
36457	3105
36457	6460
36457	16744
36457	6302
36457	10391
36457	6280
36457	6280
36470	6115
36471	4664
36478	6739
36494	18358
36494	6286
36494	1047
36494	13698
36494	10333
36496	3301
36499	2746
36500	2428
36500	2428
36501	1168
36501	6944
36519	11912
36531	18135
36532	18450
36532	9244
36532	4242
36532	4242
36541	18462
36553	4653
36566	9129
36576	4664
36592	18545
36592	18545
36603	9150
36607	2391
36607	11634
36621	2802
36626	18592
36626	14582
36628	13698
36631	18602
36631	7860
36633	2629
36633	18605
36633	316
36649	1032
36649	4368
36654	1483
36654	2110
36667	17002
36667	17002
36667	18650
36667	5073
36667	5073
36667	14533
36667	14533
36670	4167
36678	1903
36681	6807
36709	18718
36710	1315
36710	18721
36710	6212
36710	6212
36710	6212
36710	6212
36710	3530
36710	3530
36710	3530
36710	3310
36710	3310
36710	3310
36725	2820
36725	9606
36725	5292
36730	4611
36735	1997
36736	5159
36739	7392
36750	7586
36758	7491
36758	4574
36758	4574
36758	10483
36758	10483
36758	1180
36758	4368
36769	18885
36769	18892
36775	3310
36777	2104
36784	4368
36814	234
36856	4443
36856	19045
36856	19046
36856	16419
36876	19071
36887	19080
36905	19109
36906	19112
36906	19112
36906	19112
36906	19112
36906	1184
36906	1184
36910	15166
36926	210
36944	9455
36944	4836
36963	19434
36966	19439
36972	16808
36972	6931
36972	2049
36972	1324
36972	4167
36972	19487
36972	19487
36972	8282
36972	16477
36972	6235
36972	9932
36972	9932
36972	9932
36972	9932
36972	1490
36972	1499
36972	4813
36972	2110
36972	2061
36975	2441
36975	2441
36975	2441
36975	2441
36975	2441
36975	19512
36977	8218
36978	15397
36996	2090
36996	15687
37005	9150
37046	2645
37064	17481
37072	10106
37072	10106
37074	18450
37080	63
37086	19622
37086	9836
37086	9093
37086	2820
37086	4836
37086	2712
37097	12386
37133	14083
37144	11518
37170	19814
37171	19814
37177	15949
37193	14375
37200	4242
37200	4242
37207	14903
37207	17697
37208	13995
37212	19883
37212	19838
37212	19838
37212	19884
37212	1511
37212	1511
37212	3535
37224	10675
37237	1946
37240	19940
37241	19940
37267	15854
37272	19961
37293	9107
37293	7016
37293	1515
37296	12095
37296	9836
37296	20042
37296	1365
37296	6302
37296	10391
37296	2102
37296	9170
37296	5744
37298	4368
37317	20091
37340	277
37364	4204
37368	20133
37408	4756
37426	20218
37439	2390
37439	4664
37466	2560
37481	20259
37499	4543
37499	4549
37503	6556
37507	5884
37507	9235
37507	20303
37507	2079
37507	15888
37507	4533
37507	2690
37507	20320
37507	10964
37513	9660
37535	9266
37558	17540
37563	15355
37593	20462
37601	7294
37625	4611
37625	9208
37636	2629
37636	12930
37636	20582
37638	66
37643	10358
37643	20591
37643	18658
37643	6724
37643	20612
37643	20619
37643	14382
37643	18669
37643	6310
37652	2700
37652	7307
37653	5889
37653	16412
37667	14375
37667	7707
37667	10385
37667	9841
37667	8795
37667	5087
37667	5087
37667	5258
37667	20748
37667	7495
37667	20752
37667	20752
37667	20752
37667	1483
37667	20754
37694	10106
37694	10106
37735	8046
37735	8046
37741	3105
37744	4648
37745	14363
37752	10484
37752	8046
37752	8855
37752	8855
37753	18789
37754	4581
37758	18545
37758	18545
37764	15033
37764	15033
37764	15033
37775	20863
37775	4610
37775	11912
37775	18658
37775	10670
37775	10670
37775	6460
37775	9845
37775	2031
37775	2634
37775	9604
37775	6212
37775	10671
37775	10990
37801	15854
37811	15227
37811	9612
37811	1365
37811	1955
37811	1451
37814	1903
37815	5418
37818	12623
37819	12541
37870	18592
37884	6459
37918	9363
37922	11280
37926	8340
37940	7581
37940	7581
37940	7581
37940	7581
37958	18450
37958	1206
37960	3828
37963	2351
37963	16740
37963	9823
37963	2636
37963	2636
37963	2636
37963	15040
37963	21166
37980	2820
37981	1671
37983	13298
37984	1324
37984	16821
37997	7307
37998	1671
37998	6807
37998	316
37999	21196
38017	21234
38017	21235
38017	21236
38017	21250
38017	21259
38017	21260
38023	21266
38023	9091
38023	21270
38023	11691
38023	8809
38023	20582
38023	20582
38023	20582
38023	21271
38023	21271
38023	21271
38023	21271
38023	15469
38023	21272
38023	1955
38023	1955
38023	9661
38023	9661
38023	9661
38023	9661
38031	15121
38031	10483
38034	2029
38049	9732
38060	9604
38061	207
38064	21337
38067	2690
38069	7581
38069	7581
38069	7581
38069	7581
38077	15033
38077	15033
38077	5599
38077	5599
38088	4581
38088	3443
38093	15227
38093	4917
38093	14161
38093	21354
38093	11975
38093	10784
38093	2104
38093	2104
38099	1997
38101	1973
38105	14363
38106	21389
38108	5889
38115	4936
38116	16808
38116	13116
38116	18718
38116	5073
38116	5073
38141	9266
38141	7307
38141	2111
38141	2111
38237	21531
38246	6556
38246	18206
38261	17910
38261	17910
38263	316
38278	5599
38286	21624
38325	11972
38325	21730
38327	9331
38335	5143
38342	4071
38350	9661
38366	5599
38380	11972
38380	12315
38380	11518
38380	9619
38380	11983
38384	10779
38395	2700
38395	2700
38396	10311
38396	10311
38396	10311
38396	2050
38396	2050
38396	8802
38396	1047
38396	2634
38396	9604
38396	7035
38396	17002
38396	7495
38396	2057
38396	19112
38396	19112
38396	19112
38396	19112
38396	19112
38396	9932
38396	9932
38396	21844
38414	2079
38414	21865
38414	21865
38429	18375
38435	19045
38436	21887
38436	21888
38436	9764
38446	17166
38447	12541
38447	12541
38447	12541
38447	2478
38453	21910
38453	21911
38453	21912
38453	21914
38453	21919
38455	11972
38457	9507
38474	9039
38480	9769
38491	21973
38498	2700
38507	4581
38524	9244
38542	9385
38568	5691
38569	22050
38576	7016
38584	277
38591	10779
38591	2802
38600	207
38600	20591
38600	22093
38600	4944
38600	15891
38600	10320
38600	20619
38600	16668
38600	1184
38600	1184
38601	2642
38601	2642
38641	22158
38645	2045
38645	22161
38650	10860
38650	17502
38652	1168
38656	9091
38656	22188
38656	4440
38656	7514
38656	5305
38656	13698
38656	11552
38664	10311
38664	10311
38664	10311
38664	4442
38664	3488
38670	13576
38670	4204
38673	252
38675	3310
38677	4202
38678	4442
38686	4440
38686	16744
38697	11547
38699	3438
38702	6807
38741	15691
38742	9442
38742	22432
38742	16477
38742	1206
38742	10333
38751	4080
38761	1903
38769	22462
38769	5837
38769	22498
38776	2338
38776	16206
38776	2722
38776	2722
38776	8642
38776	14119
38776	14119
38776	10849
38776	13589
38776	991
38781	13696
38782	12163
38788	18789
38798	2820
38815	4724
38818	15121
38823	6309
38823	12364
38823	6563
38852	18145
38853	1720
38853	2817
38870	12168
38876	9327
38877	17979
38877	6982
38877	18001
38881	2153
38890	10966
38896	21271
38900	18375
38900	1955
38901	3091
38906	17095
38906	17095
38906	22646
38906	22646
38919	22665
38919	12168
38919	12168
38927	4440
38931	22689
38939	170
38943	7581
38943	7581
38943	7581
38943	7581
38945	10831
38957	1764
38960	5609
38961	2625
38966	8809
38972	2045
38972	5777
38972	5777
38972	10790
38976	4267
38976	2560
38976	8046
38976	8046
38978	15114
38978	15114
38978	22743
38978	22744
38978	22745
38978	2468
38978	2461
38978	9260
38978	7363
38983	22745
38983	7363
39002	9855
39002	1047
39002	2057
39016	14553
39022	2629
39023	9068
39023	21865
39023	21865
39024	7870
39045	3415
39048	4459
39048	12947
39048	9695
39048	16681
39048	16681
39048	5292
39050	10329
39079	316
39090	18028
39093	19622
39093	9604
39100	2722
39100	2722
39100	2722
39103	9235
39103	1378
39103	11711
39103	11711
39103	1973
39103	9213
39109	1724
39109	8746
39109	8746
39109	22861
39109	22861
39109	22862
39124	3841
39124	3841
39124	3841
39128	4579
39158	9367
39167	22912
39167	22912
39174	9302
39174	2629
39174	234
39174	9695
39174	22161
39174	1365
39174	16681
39174	4080
39174	8867
39192	11829
39192	10966
39192	10966
39192	16459
39192	3291
39193	9385
39198	22955
39201	1720
39201	16659
39201	5708
39201	5708
39201	5708
39201	9932
39201	9932
39201	9932
39202	316
39210	316
39213	7581
39213	7581
39213	7581
39213	7581
39220	2153
39225	22451
39234	22985
39252	5599
39252	5599
39278	23025
39278	16659
39278	20619
39291	4443
39300	9139
39300	20042
39300	10483
39300	10483
39300	10484
39300	10484
39300	1447
39300	9170
39300	9170
39300	15128
39310	3444
39325	5585
39360	10483
39360	3530
39362	9139
39362	3530
39362	3530
39362	3530
39366	6944
39375	12386
39375	23215
39375	6930
39375	6930
39375	12541
39375	12541
39375	12541
39375	9841
39375	3301
39375	2625
39375	8043
39375	8043
39375	9619
39375	6776
39383	9442
39387	3287
39387	6979
39387	6979
39387	4726
39395	3603
39399	23295
39402	22219
39402	9993
39402	10706
39403	18286
39403	252
39424	18145
39436	22665
39452	4664
39460	2104
39472	13572
39476	23369
39476	23371
39483	6459
39483	264
39483	311
39485	23402
39496	7307
39532	3600
39559	5256
39564	4664
39578	23509
39588	18261
39596	1483
39596	5599
39630	13696
39632	23571
39632	23572
39632	23575
39632	23575
39632	23575
39632	23576
39641	4726
39660	9255
39666	1804
39682	1515
39729	21270
39749	3044
39757	4568
39791	14014
39814	2351
39814	14375
39814	2029
39814	2031
39814	3174
39814	14382
39814	6302
39814	17002
39814	15040
39814	1955
39814	1955
39814	1955
39814	21166
39814	20754
39814	1515
39814	1515
39814	1515
39814	5744
39816	9548
39817	4567
39833	1760
39841	9327
39842	21266
39866	9107
39893	266
39913	18358
39913	9455
39940	4610
39940	18375
39940	3841
39940	3841
39940	3841
39940	21730
39940	2820
39945	23838
39945	23841
39971	23874
39973	23876
39973	23878
39973	21539
39973	23880
39973	23881
39973	23883
39973	23884
39973	1966
39973	23885
40012	3530
40029	4242
40033	19112
40033	19112
40072	21887
40072	21887
40072	8318
40072	9764
40072	24011
40094	9855
40097	242
40097	242
40097	242
40107	18358
40107	12386
40107	7707
40107	18375
40107	11972
40107	11972
40107	2653
40107	24038
40107	17384
40107	6944
40107	8371
40107	3465
40107	20748
40107	6577
40107	24046
40107	6739
40107	9619
40107	2700
40107	7011
40107	8837
40120	9548
40145	2642
40145	4368
40152	1946
40156	264
40156	9244
40205	24163
40205	17110
40205	24170
40205	24171
40205	24172
40205	16997
40205	17144
40205	14903
40205	17169
40205	18124
40205	7747
40205	9925
40205	24198
40235	9695
40241	12376
40245	14553
40245	14553
40245	22161
40245	3124
40248	24265
40248	4242
40254	7307
40270	240
40280	9208
40280	8837
40288	7750
40291	2820
40291	2820
40291	2820
40301	7307
40313	2802
40315	234
40322	14375
40322	18450
40322	4440
40322	10671
40322	4664
40322	4849
40334	14119
40340	1720
40352	1125
40359	24348
40359	24349
40359	24354
40359	13239
40359	24358
40359	13303
40359	235
40359	242
40359	242
40359	242
40359	24362
40359	250
40359	250
40359	250
40359	24365
40359	24367
40359	24367
40359	333
40359	24368
40359	24369
40359	4071
40359	1124
40359	24370
40359	24373
40359	24374
40359	262
40359	262
40359	265
40359	272
40359	272
40359	24376
40359	24377
40359	24377
40359	24377
40360	242
40367	24396
40367	24397
40375	24403
40379	5673
40379	5673
40398	9235
40398	7750
40445	2712
40446	9302
40461	24592
40461	15474
40462	19883
40462	4543
40462	14161
40462	24616
40462	15892
40462	9853
40462	9853
40462	9853
40462	1047
40462	9150
40462	2625
40462	11534
40462	6049
40462	7581
40462	7581
40462	7581
40462	7581
40462	4549
40462	8282
40462	21865
40462	4537
40462	24705
40462	19884
40462	19884
40462	13698
40462	1528
40462	5745
40462	11552
40474	9823
40476	19487
40485	24746
40485	4371
40485	14119
40486	24754
40486	24756
40486	24757
40488	23025
40488	2050
40488	2050
40488	18658
40488	2102
40488	1490
40488	10333
40498	10831
40498	2002
40503	2722
40503	2722
40503	14119
40503	14119
40503	14119
40514	24784
40523	24798
40523	9363
40524	24799
40529	16741
40529	1352
40534	15034
40539	3995
40539	3995
40541	17167
40541	13696
40541	24822
40541	24822
40541	24828
40541	9700
40541	24839
40541	24840
40541	9667
40541	24851
40541	24854
40541	4659
40541	15522
40541	24878
40541	24882
40541	14532
40541	24899
40541	24899
40541	24902
40541	24902
40549	24909
40549	9302
40550	252
40550	14256
40554	3603
40560	9266
40575	10483
40598	15227
40598	3044
40598	237
40598	237
40598	237
40598	3287
40598	9823
40598	21730
40598	9150
40598	10333
40602	11711
40602	11711
40606	17097
40608	24746
40610	1903
40612	5681
40612	12947
40612	10977
40612	1172
40612	24975
40612	24975
40612	11179
40612	11179
40612	16657
40612	16706
40612	15474
40612	24978
40612	7586
40612	1515
40612	1515
40626	4659
40629	9764
40629	11280
40636	2629
40636	10311
40636	11912
40636	3535
40636	25020
40665	2110
40672	9660
40679	240
40690	5159
40691	25059
40714	6930
40714	3105
40718	6533
40725	15063
40736	9089
40736	17002
40741	15033
40741	15033
40741	15033
40741	16635
40741	7581
40744	9068
40748	25129
40748	25129
40748	25130
40748	25132
40748	25133
40748	25133
40748	25140
40748	25141
40748	25141
40748	25142
40748	25143
40748	25143
40748	25143
40748	25143
40748	25145
40748	25145
40762	15469
40786	10976
40786	1080
40786	4371
40786	6815
40787	4371
40788	9661
40790	4815
40790	1997
40790	1997
40790	1997
40790	1997
40790	25188
40790	25189
40790	3484
40790	24397
40790	10235
40790	21272
40790	1955
40790	1955
40790	1955
40815	15891
40825	2079
40830	21973
40846	1946
40855	9260
40864	2090
40864	6776
40873	4277
40918	8385
40920	25369
40961	11877
40969	25406
40973	14606
40984	6280
40984	6280
41006	10779
41013	12541
41013	1966
41015	4391
41015	4724
41015	4724
41015	4724
41015	21865
41015	21865
41017	6203
41018	22219
41018	10653
41018	6203
41018	6203
41028	2240
41028	6739
41028	7581
41028	7581
41028	7581
41028	7581
41028	1483
41037	3044
41037	2050
41037	15121
41037	10706
41037	9660
41037	9150
41037	5268
41037	6203
41037	10484
41037	10484
41037	9213
41037	10333
41039	5599
41041	1234
41068	3603
41069	2352
41069	10789
41104	4135
41104	17384
41104	7786
41104	5708
41104	5708
41107	9619
41107	11218
41107	11218
41107	11218
41109	26321
41119	3465
41119	26327
41119	26327
41119	15413
41119	2645
41119	2645
41119	26332
41119	26332
41119	26334
41119	26335
41119	26337
41119	26337
41119	2832
41119	2832
41119	2832
41119	4849
41132	3530
41141	5236
41156	24909
41162	9764
41162	11280
41168	9455
41168	2868
41168	10466
41168	9093
41168	16744
41168	16973
41168	20884
41187	13316
41217	8587
41218	6002
41219	6807
41221	2830
41225	26398
41225	26399
41225	26404
41225	26405
41225	26406
41225	26407
41225	26409
41225	26410
41225	26411
41225	26413
41225	26414
41225	26415
41225	26416
41225	26417
41225	26418
41225	26420
41225	26422
41225	26424
41225	26426
41225	26427
41225	26428
41225	26429
41225	26432
41225	26434
41225	26435
41225	26436
41225	26437
41225	26438
41225	26439
41225	26440
41225	26442
41225	26443
41225	26444
41225	26446
41225	26447
41225	26448
41225	26449
41225	26450
41225	26451
41225	26452
41225	26453
41225	26454
41225	26455
41225	26456
41225	26457
41225	26458
41225	26459
41225	26461
41225	26462
41225	26463
41225	26464
41225	26465
41225	26467
41225	26470
41225	26472
41225	26474
41225	26475
41225	26477
41225	26480
41225	26482
41225	26485
41225	26486
41225	26488
41225	26489
41225	26491
41225	26492
41225	26493
41225	26494
41225	26495
41225	26496
41225	26497
41225	26498
41225	26499
41225	26505
41225	26506
41225	26508
41225	26509
41225	26510
41225	26512
41225	26514
41225	26515
41225	26516
41225	26517
41225	26518
41225	26519
41225	26520
41225	26521
41225	26522
41225	26523
41225	26524
41225	26525
41225	26526
41225	26527
41225	26528
41225	26529
41225	26530
41225	26531
41225	26532
41225	26533
41225	26534
41225	26535
41225	26536
41225	26537
41225	26538
41225	26539
41225	26540
41225	26541
41225	26542
41225	26543
41225	26544
41225	26545
41225	26546
41225	26548
41225	26549
41225	26550
41225	26551
41225	26552
41225	26553
41225	26554
41225	26555
41225	26556
41225	26558
41225	26561
41225	26564
41225	26566
41225	26567
41225	26569
41225	26570
41225	26571
41225	26572
41225	26574
41225	26575
41225	26576
41225	26577
41225	26578
41225	26579
41225	26580
41225	26581
41225	26582
41225	26585
41225	26586
41225	26587
41225	26589
41225	26591
41225	26592
41225	26593
41225	26596
41225	26597
41225	26598
41225	26600
41225	26603
41225	26605
41225	26606
41225	26607
41225	26608
41225	26609
41225	26610
41225	26613
41229	4368
41231	26616
41231	26617
41231	26618
41231	26619
41231	6807
41231	26620
41231	26622
41231	26623
41247	21887
41267	8282
41271	26685
41271	9853
41271	26691
41271	6049
41271	15034
41271	3443
41271	6243
41274	20863
41275	2104
41306	17097
41306	17097
41319	26736
41336	21389
41338	7491
41343	26756
41343	274
41353	1955
41353	6509
41355	1903
41357	11267
41360	26770
41360	10441
41367	2441
41387	7707
41387	7729
41412	26844
41414	6409
41437	15459
41437	11179
41437	11179
41437	264
41440	9363
41451	24909
41451	24705
41451	1221
41451	4579
41455	26931
41455	26932
41455	26934
41455	26935
41455	26936
41455	26941
41458	991
41476	21531
41476	1760
41480	4568
41500	11924
41505	7011
41509	10859
41509	4722
41510	22064
41511	10859
41520	6459
41527	4443
41531	3841
41531	3484
41531	4509
41531	5589
41542	23571
41542	9213
41543	11631
41553	22161
41569	4738
41584	10333
41585	19439
41585	9442
41585	2110
41586	1125
41599	5837
41602	234
41606	9548
41606	12804
41606	3443
41618	16121
41621	25448
41623	3530
41623	3530
41639	6597
41658	12315
41670	2352
41687	15029
41695	15854
41711	4533
41717	16658
41723	22158
41732	12804
41776	2700
41777	14363
41778	7038
41789	6930
41789	6280
41789	6280
41805	1184
41805	1184
41805	1184
41805	1184
41820	7713
41830	10382
41831	5086
41833	10358
41833	2700
41836	5599
41836	5599
41842	27523
41843	15892
41843	13249
41843	13249
41843	6234
41863	1671
41883	1511
41886	27570
41906	5236
41931	1760
41931	1760
41935	27599
41935	5087
41935	2686
41935	4109
41935	13671
41940	27603
41950	6564
41950	5599
41950	5599
41956	1180
41956	4664
41956	10333
41971	6494
41975	15029
41976	3841
41977	6556
41977	6556
41977	4281
41977	4281
41979	10965
41979	4460
41979	7514
41979	14958
41979	14958
41979	14958
41979	14958
41979	14958
41979	14958
41979	7638
41979	7638
41979	7638
41979	7638
41979	7638
41979	7638
41979	20752
41979	20752
41979	20752
41979	19838
41979	7712
41979	95
41997	14561
41997	11824
41997	6931
41997	6931
41997	8784
41997	10385
41997	3301
41997	27659
41997	17300
42005	27663
42005	27664
42011	13298
42038	11261
42044	12199
42062	11261
42066	11631
42067	208
42067	3044
42067	6930
42067	6930
42067	4096
42085	2820
42085	2820
42085	2820
42102	15227
42102	9107
42102	11975
42102	15892
42102	2240
42102	20748
42102	16973
42102	8746
42102	8746
42102	7035
42102	2057
42102	11711
42102	11711
42102	11711
42102	5073
42102	6773
42102	6234
42102	4664
42102	4664
42102	4664
42102	12376
42115	5973
42140	7307
42141	27811
42152	9363
42152	9363
42152	9363
42154	16419
42157	4664
42159	4664
42173	12541
42215	27848
42215	316
42217	11167
42218	27855
42218	27856
42218	27857
42218	27858
42218	27858
42218	27860
42218	27860
42218	27862
42218	27862
42218	27864
42218	27865
42218	27865
42218	24150
42218	27872
42218	27874
42218	27875
42218	27877
42218	27878
42218	27878
42218	27879
42218	27879
42218	27880
42218	27880
42221	1234
42224	3418
42251	16681
42251	8867
42263	26756
42263	15033
42271	22805
42271	11167
42271	6212
42279	1027
42295	12338
42296	1483
42296	5599
42296	5599
42299	7717
42299	13296
42299	9855
42299	6577
42299	27957
42299	23751
42299	13249
42299	14976
42299	14976
42323	5971
42340	4611
42340	4103
42340	12930
42343	2351
42343	15378
42343	13296
42343	4277
42343	9213
42357	28010
42357	28012
42357	264
42358	2478
42362	2629
42362	6718
42362	23571
42362	17002
42362	6773
42362	2347
42362	4664
42362	4664
42362	4664
42362	3535
42362	3535
42362	3535
42362	10333
42365	22689
42365	3592
42373	9208
42373	28033
42376	3418
42376	6049
42387	1955
42387	19112
42387	19112
42387	19112
42387	19112
42387	15691
42404	6444
42407	6234
42409	21389
42409	21389
42413	5256
42420	2104
42426	15040
42433	9302
42433	12177
42433	234
42433	2110
42438	9993
42438	9163
42438	9163
42438	3530
42438	3530
42438	3530
42439	18124
42439	4659
42444	4610
42452	13576
42452	9331
42470	28131
42471	2636
42478	8030
42478	16681
42478	16681
42483	9331
42493	4180
42493	24038
42493	28152
42493	28152
42493	18721
42493	10484
42493	8350
42493	3530
42493	21012
42493	28157
42493	1963
42495	9150
42506	21145
42515	1807
42515	2002
42529	264
42542	7707
42542	9660
42550	4722
42560	18375
42581	12095
42589	5141
42590	18789
42590	12672
42590	7038
42590	8867
42590	1511
42593	6931
42593	6931
42593	4726
42618	9442
42618	7712
42619	4384
42619	5585
42619	6979
42619	6979
42619	10484
42619	10484
42621	11647
42621	10784
42621	16821
42621	6979
42621	278
42621	12365
42621	2712
42638	11631
42638	3841
42638	3841
42638	3841
42638	15121
42638	9367
42638	9367
42638	17153
42638	28271
42638	28271
42658	4543
42658	4549
42664	28310
42664	28314
42664	28315
42664	28318
42664	28325
42664	28327
42664	28328
42664	28329
42664	11621
42676	2629
42688	6930
42688	6930
42688	1080
42688	2110
42692	237
42692	237
42692	237
42692	4941
42692	17979
42692	17979
42692	15355
42699	9078
42715	2636
42718	6460
42734	4391
42756	10790
42756	10333
42779	5269
42779	17140
42779	17140
42779	14903
42779	14903
42779	4732
42779	28649
42779	4657
42779	9363
42779	28652
42779	15522
42791	15022
42791	15022
42792	15474
42792	1184
42795	6556
42795	19112
42795	19112
42813	15397
42813	9695
42813	1206
42825	28671
42851	4135
42861	240
42878	15227
42878	4732
42878	2057
42878	18669
42878	6996
42880	1946
42884	4664
42887	15888
42909	5973
42910	28711
42910	28712
42914	7801
42914	28716
42929	240
42941	9853
42941	10235
42942	6807
42967	22665
42974	14924
42977	9266
43000	4567
43015	3418
43034	7307
43053	29136
43057	4659
43063	4756
43065	12269
43065	4020
43213	29194
43221	29196
43228	29199
43231	11896
43364	21730
43408	26685
43408	29261
43408	26691
43408	6049
43408	29262
43421	15891
43534	29309
43562	29316
43602	2704
43665	6765
43672	9967
43823	29399
43833	1347
43876	4560
43882	3415
43906	29428
43906	29429
43943	23371
44092	23509
44096	13671
44113	11634
44172	26519
44176	1517
44203	29508
44245	29514
44350	29199
44359	3415
44512	9154
44564	14222
44592	29587
44820	3467
44862	12376
44988	7493
45231	11896
45256	1658
45271	4849
45399	29309
45432	3467
45445	29783
45517	29798
45638	1027
45638	1027
45693	29199
45711	3849
45728	6034
45728	6049
45765	11896
45791	29857
45865	175
45894	210
45894	29908
45993	16659
46010	9967
46052	29943
46061	5246
46067	15034
46072	2704
46083	29948
46159	3846
46200	29973
46255	26685
46255	29261
46255	26691
46255	6049
46255	29262
46309	13554
46332	30010
46371	14083
46371	14083
46371	5599
46458	15034
46474	9154
46488	2636
46488	2636
46558	4443
46614	30064
46654	30070
46659	30072
46663	30074
46686	5044
46692	7860
46755	29798
46819	29199
46839	2031
46845	15034
46986	9967
46988	4815
47155	3846
47223	4560
47241	10480
47241	5325
47241	5325
47284	2031
47348	11634
47363	4071
47370	1125
47379	3330
47399	2704
47400	11634
47518	30186
47535	6235
47542	30188
47542	2634
47542	14222
47542	5745
47681	15034
47711	30212
47720	4443
47752	27853
47767	3841
47767	3841
47767	3841
47844	30235
47907	30247
47975	30257
48048	30269
48178	30247
48241	3846
48357	30339
48415	12327
48436	11634
48449	27523
48619	30247
48645	2634
48645	7773
48645	6794
48807	9154
48826	29429
48829	30186
48835	11634
48883	13671
48954	3846
48964	29783
49028	1125
49071	11634
49072	22064
49073	22063
49128	1125
49211	11896
49245	3488
49276	30463
49653	2712
49658	1125
49676	3841
49676	3841
49700	2634
49700	1658
49706	9967
49779	30531
49871	27659
49876	15034
49895	1125
49927	23881
49932	27791
49939	27637
49996	3971
49996	12327
49996	2634
49996	3330
49996	30064
49996	6235
49996	6235
49996	5144
49996	6563
50043	29783
50116	3841
50138	13671
50203	2712
50274	12331
50310	30212
50320	25190
50320	10784
50320	3849
50320	15034
50320	11634
50449	19940
50589	26691
50589	6049
50589	7773
50589	29262
50625	20303
50713	30685
51108	30186
51137	3971
51242	1125
51300	4391
51300	4391
51339	12376
51434	20303
51435	20134
51547	6049
51614	9769
51631	3415
51642	13554
51642	30786
51702	3415
51707	29943
51813	5589
51813	7207
51816	210
51892	30815
51892	11634
51894	30531
51908	1347
51911	9154
51920	30824
51951	9154
