"investors"	"companies"
30837	59
30837	60
30837	62
30838	66
30849	95
30858	122
30858	122
30858	128
30866	143
30872	159
30872	162
30872	172
30872	173
30872	174
30872	175
30872	177
30872	185
30872	186
30872	187
30872	188
30872	189
30872	190
30872	191
30882	207
30882	208
30882	209
30882	210
30882	211
30882	214
30882	219
30882	220
30882	221
30882	229
30882	230
30882	233
30882	234
30882	235
30882	237
30882	237
30882	240
30882	241
30882	242
30882	242
30882	242
30882	244
30882	250
30882	252
30882	255
30882	255
30882	262
30882	263
30882	264
30882	266
30882	269
30882	78
30882	270
30882	271
30882	272
30882	274
30882	277
30882	278
30882	280
30887	311
30887	311
30890	316
30892	320
30892	322
30901	339
30901	340
30910	920
30940	1019
30947	1030
30947	1032
30947	1032
30955	1047
30968	1079
30968	1080
30968	1090
30969	1095
30971	1103
30971	1121
30972	1124
30973	1125
30974	1127
30979	1136
30981	1151
30982	1168
30982	1176
30982	1183
30982	1184
30982	1184
30982	1184
30994	1227
30997	1232
30997	1233
30997	1234
30999	1252
30999	1255
30999	1263
30999	1265
30999	1266
30999	1270
30999	1273
30999	1275
30999	1276
30999	1286
30999	1286
30999	1292
30999	1293
30999	479
30999	1315
30999	1324
30999	1352
30999	1364
30999	1365
30999	1367
30999	1369
30999	929
30999	1378
30999	1382
30999	76
30999	1417
30999	1419
30999	1426
30999	1436
30999	1447
30999	1447
30999	1451
30999	1458
30999	1463
30999	1469
30999	1475
30999	1481
30999	1483
30999	1490
30999	1492
30999	1499
30999	1502
30999	1503
30999	1511
30999	1511
30999	1512
30999	1515
30999	1515
30999	1515
30999	281
30999	1519
30999	1539
30999	1542
31028	1690
31028	1691
31028	1700
31028	1702
31029	976
31034	1724
31037	1760
31040	1762
31040	1764
31040	1765
31040	62
31040	1767
31040	63
31050	1788
31059	1800
31059	1800
31061	1803
31061	1804
31061	1807
31061	1811
31061	1817
31071	1844
31073	1858
31076	1864
31076	1880
31076	1885
31080	1897
31084	1903
31086	1912
31086	1913
31086	1914
31086	1924
31087	1079
31087	1945
31087	1947
31087	1955
31087	1966
31087	1511
31087	1511
31090	1984
31090	1988
31091	1997
31093	1999
31093	2000
31093	1270
31093	2002
31096	2008
31107	1266
31107	2029
31116	2047
31116	2057
31116	2061
31120	2070
31120	2074
31120	2076
31120	2077
31120	2079
31120	2090
31120	2092
31120	2102
31120	2104
31120	2107
31120	2110
31120	2111
31120	2111
31124	2139
31124	2142
31124	2143
31124	1685
31124	1685
31124	2176
31128	2183
31128	2188
31128	2189
31128	2190
31128	1502
31130	2196
31130	2198
31130	234
31130	2201
31142	2229
31163	2322
31163	2323
31171	2338
31171	2338
31175	2347
31178	2351
31178	2352
31186	1182
31194	1913
31194	2389
31195	2390
31195	2391
31217	2441
31217	2441
31230	2478
31241	2564
31253	2611
31253	2613
31257	2618
31264	2625
31265	2627
31265	2628
31265	2629
31265	2074
31265	2630
31265	2632
31265	2634
31265	2636
31265	2636
31265	2636
31265	2639
31265	78
31265	2642
31265	2642
31265	2644
31265	2645
31265	1451
31265	2650
31266	2653
31269	2668
31269	2669
31269	2670
31269	2673
31270	2674
31270	2682
31270	2682
31270	2687
31270	2700
31270	2701
31270	2704
31274	2722
31275	2723
31279	2739
31279	2746
31279	2750
31279	2765
31279	2785
31279	1548
31280	2802
31280	2803
31280	2804
31281	2808
31281	2810
31282	2812
31282	2817
31282	2820
31282	2820
31282	2820
31282	2820
31288	2839
31288	2840
31292	2859
31292	2863
31292	2865
31292	2868
31292	2869
31292	1103
31292	2560
31292	1716
31292	2883
31292	2884
31292	2885
31292	2886
31292	2887
31292	2831
31292	2900
31292	2901
31305	2961
31305	1809
31319	3044
31322	3046
31328	3080
31328	3080
31328	1804
31328	2391
31328	3083
31329	1032
31329	1032
31330	3091
31330	3097
31330	3099
31330	3107
31330	252
31330	3110
31330	929
31330	2886
31348	3185
31354	3203
31354	3204
31357	3211
31357	3214
31357	3216
31357	3225
31357	2827
31357	3230
31357	3237
31362	3248
31362	170
31365	2196
31365	220
31365	1263
31365	3287
31365	3287
31365	3287
31365	3291
31365	3301
31365	256
31365	929
31365	1382
31365	3310
31365	1447
31369	3319
31372	3338
31378	3354
31394	3418
31401	2704
31403	2863
31403	3434
31403	3435
31403	1221
31403	3438
31407	2057
31407	3442
31407	3443
31407	3444
31411	2872
31411	1904
31411	2562
31413	3465
31413	3465
31413	3467
31413	3469
31413	2634
31413	3470
31413	3471
31413	3477
31416	3481
31416	3484
31416	3489
31416	3495
31416	1955
31416	3500
31416	3501
31416	3503
31416	3505
31418	3518
31421	3522
31421	3523
31424	3530
31424	3530
31425	3535
31425	3535
31426	3536
31426	3537
31426	3538
31426	3539
31427	3541
31436	3600
31439	3603
31447	3779
31456	3828
31463	3841
31463	3846
31463	3849
31472	3883
31486	3971
31496	3988
31499	3994
31506	4002
31506	3540
31506	4006
31507	4009
31507	4011
31507	4020
31507	4020
31507	4031
31507	2709
31507	1206
31516	3444
31516	1528
31516	1528
31518	4066
31518	4067
31518	1804
31518	2200
31518	4069
31518	4071
31518	4072
31518	1767
31518	1364
31518	4073
31518	4074
31518	4076
31518	4079
31518	4080
31518	1817
31518	4085
31520	4094
31522	3211
31522	4095
31522	4096
31522	4101
31522	4103
31522	4106
31522	4108
31522	4109
31522	4109
31530	1903
31535	4135
31535	4136
31535	1691
31535	4139
31535	4141
31535	4143
31535	4144
31535	4146
31541	4160
31541	4167
31558	4190
31558	4191
31562	4202
31564	3467
31567	234
31567	2716
31573	4242
31578	4250
31581	4261
31581	4267
31581	2560
31581	4277
31581	4141
31581	4281
31581	4281
31581	2562
31581	2829
31581	2564
31583	4304
31598	2477
31598	4338
31602	221
31602	4349
31602	4350
31603	4360
31607	4368
31607	4368
31608	2196
31610	4370
31610	4371
31610	4372
31610	4373
31610	4374
31610	1483
31611	2107
31614	4338
31616	4390
31617	4391
31617	4391
31635	4438
31648	4457
31648	4458
31648	4459
31648	4460
31648	2145
31648	2107
31654	4477
31661	4509
31661	4519
31661	2190
31661	4526
31662	4537
31664	4542
31665	4543
31665	4549
31665	4550
31673	4560
31676	4567
31677	4568
31677	4569
31677	4574
31677	4577
31677	4578
31677	2176
31677	4579
31677	4579
31680	4581
31682	3111
31684	4610
31684	4610
31684	4614
31684	4624
31684	4625
31684	4626
31684	4628
31700	4646
31700	4647
31700	3828
31700	4648
31701	4653
31701	4659
31705	4664
31711	4705
31716	4722
31716	4724
31716	4724
31716	4724
31716	3470
31716	4726
31716	3124
31718	4738
31718	4738
31725	4749
31726	4756
31726	4767
31742	316
31744	4815
31745	4818
31745	4265
31745	4820
31745	4822
31745	4826
31745	4836
31745	4838
31745	4841
31755	4864
31755	4865
31755	4866
31756	4867
31763	4888
31763	1999
31767	4901
31772	4908
31772	1252
31772	4917
31772	4919
31772	4926
31772	4927
31772	4930
31772	4933
31772	4936
31772	4937
31772	4941
31772	4944
31772	4944
31772	4948
31772	4949
31772	4957
31772	4810
31772	4961
31772	929
31772	4986
31772	18
31772	19
31772	1463
31772	5000
31772	5010
31779	5061
31782	5065
31786	5069
31788	2636
31788	2636
31800	5086
31800	5087
31810	5100
31810	1666
31810	5111
31810	5115
31810	5123
31810	4167
31810	5134
31810	5135
31810	5136
31810	5137
31810	5141
31810	5143
31810	5143
31810	5146
31810	5148
31814	5159
31822	66
31822	5172
31822	4865
31822	5173
31822	3592
31822	5186
31822	5186
31824	5188
31826	5194
31837	5221
31837	2352
31837	5231
31837	5232
31837	5236
31837	5239
31837	5245
31837	5246
31837	5252
31837	2322
31837	5253
31837	1293
31837	5256
31837	5258
31837	5258
31837	5264
31837	5268
31837	5268
31837	5275
31837	5276
31837	5280
31837	5281
31837	5283
31837	1180
31837	5290
31837	5292
31837	5298
31837	1184
31837	1184
31837	1184
31837	1184
31837	1184
31837	5300
31837	5186
31839	5313
31842	5316
31842	5319
31842	5319
31846	5325
31846	5325
31857	5344
31857	2560
31857	1124
31859	5380
31860	4440
31860	4440
31872	5404
31877	3082
31877	2632
31878	5416
31878	5417
31878	235
31878	5418
31884	5437
31886	5444
31886	5445
31886	5446
31896	5478
31897	5479
31897	5480
31897	5481
31897	2190
31899	3973
31899	4841
31900	5484
31914	2201
31918	5563
31922	5572
31922	5575
31922	3828
31922	3828
31922	2618
31922	5580
31922	5585
31922	4373
31922	5589
31922	3333
31922	5596
31922	1483
31922	5601
31932	5610
31934	5619
31934	5623
31934	2211
31947	5640
31947	5642
31951	5673
31951	5673
31951	5135
31952	5681
31952	2
31952	5691
31952	5696
31952	5697
31952	5697
31952	5262
31952	5708
31952	5708
31952	5733
31954	2642
31954	2642
31955	4106
31957	5773
31957	5776
31957	5777
31957	5777
31957	5779
31957	5780
31957	5781
31962	5786
31962	5788
31962	1255
31962	5798
31962	5799
31962	5805
31962	4455
31962	5809
31962	5814
31962	5818
31962	1125
31962	5827
31962	5837
31962	175
31962	175
31962	5000
31969	5871
31980	1997
31980	1997
31980	5881
31982	5884
31982	5889
31982	3849
31982	1426
31984	5923
31984	5930
31986	3287
31986	3287
31986	1483
31991	5958
31997	4202
31998	5971
31998	2338
31998	2338
32000	5972
32000	5973
32000	5976
32003	5981
32003	280
32014	5997
32015	6000
32016	6002
32016	2959
32017	6007
32021	2700
32021	2700
32027	6034
32027	6049
32030	3072
32033	6115
32033	2670
32033	250
32038	6132
32038	6135
32038	6136
32042	6148
32042	6150
32042	6153
32042	6154
32042	6165
32042	6167
32042	4614
32042	6170
32042	6173
32042	3995
32042	3995
32042	255
32042	2686
32042	4072
32042	6189
32042	6212
32042	6212
32042	6212
32042	6227
32042	6234
32042	6235
32042	6235
32042	2707
32048	6264
32051	1904
32051	6280
32051	6280
32052	5221
32052	6284
32052	6285
32052	6286
32052	6290
32052	6291
32052	6291
32052	6292
32052	4826
32052	1172
32052	5480
32052	6299
32052	6302
32052	1667
32052	1032
32052	1032
32052	4109
32052	6305
32052	6305
32052	6307
32052	2102
32052	6308
32052	6310
32052	2891
32052	6311
32052	2650
32055	6329
32057	3046
32059	6338
32060	6347
32060	6355
32060	6365
32062	4574
32064	219
32064	6374
32064	237
32064	237
32064	237
32064	6380
32064	6333
32066	6385
32076	6407
32077	6408
32077	6409
32079	6412
32081	6414
32081	5380
32084	6416
32089	6422
32089	3973
32089	6426
32089	6427
32089	5061
32089	6431
32089	4756
32089	6435
32089	6443
32089	6444
32089	6447
32089	6448
32089	4748
32089	6457
32089	6459
32089	6414
32089	6414
32089	6460
32089	6468
32089	6468
32089	2156
32089	6473
32089	6485
32089	264
32089	6487
32089	5707
32089	6488
32089	6494
32089	6496
32089	6497
32089	6509
32089	4841
32089	6407
32097	6542
32104	3841
32104	6555
32105	6556
32105	6556
32105	6556
32115	6564
32118	6577
32121	6582
32133	6597
32147	2449
32149	6701
32149	6704
32151	1255
32151	6706
32151	6706
32151	1265
32151	6712
32151	3288
32151	6718
32151	6718
32151	6722
32151	6724
32151	4455
32151	2202
32151	2240
32151	2240
32151	256
32151	1369
32151	6738
32151	4074
32151	6739
32151	3493
32151	6744
32151	6747
32151	6748
32151	5708
32151	5708
32151	5708
32151	1378
32151	6750
32151	1125
32151	6756
32151	3418
32151	3418
32151	6761
32151	6765
32151	6765
32151	6766
32151	6770
32151	6773
32151	5000
32151	4538
32151	4538
32151	6235
32151	2832
32151	3443
32151	3443
32151	5010
32151	1519
32151	6801
32151	2833
32151	2061
32154	6807
32156	6811
32156	6813
32157	4632
32157	4632
32173	6408
32179	5445
32192	4530
32192	2653
32192	6931
32192	6931
32192	3097
32192	6938
32192	6939
32192	6940
32192	5245
32192	6944
32192	4455
32192	6951
32192	6951
32192	6951
32192	3174
32192	3174
32192	6962
32192	3330
32192	6189
32192	6979
32192	6982
32192	6988
32192	1417
32192	5134
32192	7005
32192	2104
32192	2104
32192	7011
32192	7016
32192	7017
32192	7017
32192	7021
32192	3535
32192	3535
32192	3535
32192	6794
32192	7026
32195	7044
32195	6473
32195	7049
32196	7052
32209	7205
32209	3841
32209	7207
32213	7212
32214	2961
32249	5418
32250	7294
32253	7296
32253	2826
32253	2826
32254	6374
32258	7302
32260	7307
32261	7309
32262	7310
32262	6355
32262	1903
32262	7311
32262	5172
32263	6555
32266	7328
32281	7361
32282	7363
32282	7363
32292	7385
32303	7402
32303	1904
32303	7408
32303	7409
32303	7410
32303	5675
32303	7411
32303	7412
32303	7413
32303	7414
32303	7415
32303	7416
32303	7420
32303	7422
32303	7423
32303	7424
32303	7425
32303	7426
32308	7433
32336	7487
32336	6930
32336	240
32336	7490
32336	7492
32336	7495
32347	7517
32347	7517
32347	7518
32369	7578
32370	7579
32370	7580
32370	7580
32370	7581
32370	7581
32370	7586
32393	7636
32395	7638
32407	7668
32412	7707
32412	7708
32412	1221
32412	3438
32412	7712
32412	7712
32413	7713
32414	6284
32414	7715
32414	4926
32414	7717
32414	3097
32414	7722
32414	7723
32414	1804
32414	7729
32414	7735
32414	7750
32414	7750
32414	7750
32414	6305
32414	6305
32414	7760
32414	7767
32414	7767
32414	7773
32418	7780
32418	7781
32418	7782
32418	7784
32418	7786
32418	7788
32422	7798
32423	3484
32423	3484
32430	7861
32431	7863
32437	7870
32439	7873
32439	7875
32452	316
32480	8007
32480	8008
32480	8012
32480	4085
32487	8027
32487	8028
32488	8030
32492	8043
32492	8043
32492	8043
32493	1103
32493	2613
32494	8046
32498	4610
32498	4610
32498	8056
32498	8058
32498	8065
32498	8069
32500	8072
32504	1483
32523	7788
32523	7770
32525	8206
32536	8218
32538	5416
32538	5958
32553	8254
32553	1760
32559	262
32569	6739
32579	8316
32579	8319
32579	8322
32579	8322
32583	1799
32583	1809
32586	3185
32590	7750
32591	8340
32591	8349
32591	8350
32591	6993
32593	5575
32603	8369
32606	8371
32612	8027
32612	8380
32614	4611
32617	8384
32623	1903
32623	5445
32623	7307
32641	7307
32645	3110
32651	8425
32664	4542
32665	8452
32665	8453
32665	8454
32670	8472
32675	1880
32678	8482
32678	8485
32678	8489
32678	6264
32685	6456
32698	8568
32700	8568
32704	2200
32716	8587
32722	4865
32732	8637
32734	8642
32759	2477
32764	8710
32768	6813
32768	1716
32768	8722
32768	5744
32770	220
32770	8730
32770	8731
32770	5814
32771	220
32771	8734
32771	8730
32775	8746
32775	8746
32775	8748
32777	1809
32780	8762
32783	4908
32783	8774
32783	8482
32783	8777
32783	4815
32783	8783
32783	8784
32783	8784
32783	2390
32783	6720
32783	7708
32783	8371
32783	8371
32783	8795
32783	6173
32783	8797
32783	8799
32783	8799
32783	8802
32783	8809
32783	8813
32783	2820
32783	2820
32783	2820
32783	6308
32783	6308
32783	7760
32783	1184
32783	1184
32783	4031
32783	8837
32783	4726
32783	2902
32791	4748
32795	2670
32798	8254
32805	8866
32805	8867
32806	8870
32819	8895
32819	8897
32819	3523
32819	8900
32819	8902
32819	2002
32821	8907
32823	7307
32836	3443
32842	1031
32847	8997
32847	5264
32850	9002
32853	6355
32862	9027
32866	9035
32866	9037
32866	9039
32880	9068
32880	9069
32886	9078
32888	9080
32889	4135
32889	9081
32889	6930
32889	6930
32890	9089
32890	9089
32890	9090
32890	9091
32890	3465
32890	9094
32890	1180
32890	6996
32890	3237
32890	9096
32891	9100
32891	1090
32897	1168
32897	9107
32897	4065
32897	9109
32897	9118
32897	4144
32898	9128
32899	9129
32899	9131
32899	9132
32899	9139
32899	9142
32899	9144
32899	9145
32899	9150
32899	6203
32899	9160
32899	9162
32899	9163
32899	9163
32899	9163
32899	9165
32899	9170
32899	9170
32899	9170
32899	9170
32899	6801
32900	7309
32904	5871
32918	9197
32928	5480
32928	4277
32928	4519
32928	1539
32928	9213
32930	9214
32930	1809
32939	9228
32941	9234
32941	9235
32941	6951
32941	6951
32941	3883
32941	9244
32944	9255
32947	7311
32949	9266
32956	9281
32962	2145
32964	9299
32964	4372
32967	9302
32967	252
32967	4144
32968	9313
32980	9327
32982	9329
32982	6374
32982	9331
32982	4986
32982	4767
32986	9363
32987	2564
32988	9367
32989	252
32989	264
32989	1519
32990	2008
32994	4767
32995	4384
32995	9390
32995	4625
32995	9396
33005	9415
33014	9422
33014	9423
33014	9428
33014	6414
33014	6414
33014	9433
33022	1690
33022	9234
33022	5231
33022	6765
33022	5290
33022	9443
33028	9453
33028	1914
33028	9455
33028	9456
33028	8196
33028	9100
33028	9457
33037	9474
33039	1809
33052	5172
33061	9506
33061	9507
33061	9513
33061	9517
33061	9520
33062	62
33069	9532
33074	9536
33075	9537
33076	9538
33082	1079
33084	9543
33090	8746
33090	8746
33092	4391
33092	9558
33103	8282
33103	8282
33106	9589
33106	9590
33106	9593
33108	7363
33112	9604
33112	9605
33112	9606
33119	8371
33119	9614
33119	9615
33119	9616
33125	4664
33138	9266
33139	1945
33139	9660
33139	9661
33139	9661
33139	4664
33139	4664
33142	9341
33142	9667
33144	9670
33144	9673
33155	9695
33160	9266
33170	2322
33170	9615
33178	9723
33178	9726
33178	9731
33178	9731
33178	9734
33190	9763
33190	9764
33190	9765
33190	9766
33190	9767
33193	9769
33196	4581
33196	4095
33196	1966
33197	5253
33198	6555
33199	9778
33204	9784
33209	6136
33212	9820
33212	3044
33212	6167
33212	3529
33216	3841
33216	3841
33219	4919
33219	9836
33219	9844
33219	9845
33219	9846
33219	9853
33219	9859
33219	9861
33219	1817
33219	9866
33223	1483
33225	5973
33225	9907
33234	9932
33254	3530
33254	3530
33257	9991
33257	9991
33257	9992
33257	9993
33258	9991
33260	9996
33262	5871
33268	5484
33270	10043
33270	9731
33270	9731
33271	4391
33277	5871
33285	10078
33285	1226
33285	10081
33285	10081
33285	4011
33285	10085
33285	4338
33285	4339
33285	5137
33285	7788
33285	10094
33285	1492
33288	10103
33288	10104
33290	10106
33299	2460
33299	4067
33299	10119
33299	10120
33306	10131
33307	10132
33314	5073
33314	5073
33314	5313
33315	8642
33322	10212
33322	9616
33322	10223
33322	7307
33322	6555
33322	10233
33323	10234
33323	4659
33323	9363
33324	5087
33324	10235
33324	10235
33327	10239
33331	274
33332	10244
33335	59
33344	4822
33350	6555
33351	8072
33364	9129
33364	2653
33364	10311
33364	10311
33364	10311
33364	6944
33364	10313
33364	3488
33364	10317
33364	10320
33364	10322
33364	10325
33364	10326
33364	4519
33364	7011
33364	10329
33364	10329
33364	8837
33364	10330
33364	7026
33366	10333
33366	10333
33366	10334
33366	10339
33366	10339
33366	10339
33366	10341
33372	10348
33380	10358
33380	6167
33380	4614
33380	3994
33380	1324
33380	1946
33380	6509
33382	3418
33382	10382
33382	1760
33382	1760
33383	2707
33385	2142
33387	10407
33387	4339
33391	272
33393	5691
33393	5691
33393	9208
33393	9208
33393	10420
33393	4619
33393	270
33395	9081
33396	10436
33396	10437
33396	10439
33396	8254
33396	10441
33396	10446
33396	10447
33402	280
33407	3444
33411	9820
33411	10459
33411	1027
33411	1027
33420	2045
33420	9092
33420	239
33420	10468
33420	6564
33424	7205
33426	10480
33429	9144
33429	5997
33429	10483
33429	10483
33429	10484
33429	10484
33438	10511
33442	95
33448	4191
33449	10608
33452	4073
33455	10348
33458	3465
33458	5325
33458	5325
33461	10617
33461	3841
33461	3841
33461	9855
33461	4141
33461	6747
33461	10622
33461	10623
33461	10624
33472	4560
33472	10645
33473	10649
33475	10652
33475	10653
33477	2322
33477	2323
33494	10673
33496	10675
33499	5380
33500	4560
33500	3044
33500	10683
33500	10683
33500	9027
33500	10684
33500	5480
33500	4006
33500	10340
33507	10706
33530	1903
33542	10779
33543	8774
33543	8774
33547	6944
33547	10706
33547	10706
33547	10784
33550	8043
33550	8043
33550	10789
33551	10790
33555	8218
33555	7044
33555	6473
33555	10796
33555	6494
33556	2478
33566	10813
33572	9208
33572	9208
33577	10836
33577	62
33577	1767
33577	10849
33577	4767
33577	10853
33584	10859
33584	10860
33584	3305
33584	10873
33585	8734
33593	1124
33596	5061
33596	10915
33596	1293
33596	1904
33601	9422
33601	6286
33601	10937
33601	10938
33601	2049
33601	4937
33601	1920
33601	10940
33601	4864
33601	8797
33601	2669
33601	5280
33601	9244
33601	7011
33601	2832
33606	10947
33609	5871
33610	143
33612	2632
33616	10961
33620	10964
33620	10964
33621	10965
33621	10966
33621	10966
33621	10966
33621	10967
33623	10976
33627	10987
33630	9422
33630	9244
33632	11006
33632	9612
33632	6706
33632	9695
33632	9695
33632	9604
33632	2057
33632	11033
33632	11034
33632	4838
33632	2712
33632	2061
33633	6286
33633	11045
33633	11046
33633	3333
33633	11047
33633	11048
33633	9244
33633	1519
33640	11086
33640	11088
33640	11089
33640	11090
33640	11091
33640	11092
33640	11093
33640	11094
33640	11096
33640	11097
33640	11104
33640	11105
33640	11106
33640	11107
33640	11110
33640	11111
33640	11112
33640	11113
33640	11114
33640	11115
33640	11116
33646	11166
33646	11167
33646	6167
33646	4614
33646	11175
33646	11179
33646	11179
33646	11189
33646	3469
33646	11208
33646	11210
33646	10484
33646	2645
33646	11218
33646	11218
33646	7005
33646	1184
33646	7011
33646	2650
33646	7016
33646	9213
33652	2632
33657	11260
33657	1767
33657	7307
33658	11261
33685	11305
33695	2701
33696	9990
33698	2201
33722	11518
33732	11532
33732	4440
33737	2901
33740	3530
33746	1903
33746	264
33748	5708
33756	6355
33764	7579
33787	11631
33787	4815
33787	11632
33787	10388
33787	4073
33787	11633
33787	11634
33795	3530
33795	1184
33803	234
33809	10358
33809	6932
33809	2628
33809	2629
33809	11669
33809	6166
33809	3216
33809	6459
33809	11675
33809	11682
33809	11691
33809	11691
33809	1952
33809	11703
33809	11706
33809	11706
33809	11707
33809	11709
33809	11506
33809	11711
33809	11713
33809	1513
33809	11727
33817	11738
33817	4125
33821	6398
33837	11775
33845	9331
33845	9331
33847	11647
33847	11647
33859	8369
33860	2266
33860	1103
33860	11810
33860	1904
33863	4757
33865	1999
33865	11824
33865	3080
33865	3080
33865	11829
33865	11829
33865	11832
33865	11833
33865	11839
33866	5575
33866	1378
33868	11848
33872	4647
33878	11872
33878	11875
33878	11876
33878	1127
33878	11814
33878	11877
33883	11883
33888	11889
33888	11890
33888	11892
33888	6435
33888	11894
33888	6444
33888	11267
33888	11682
33888	11896
33893	1232
33893	11912
33893	6007
33893	1234
33893	5073
33893	5073
33896	4659
33899	11922
33899	2000
33899	11924
33899	4371
33901	9266
33910	11938
33910	11940
33910	275
33911	7512
33911	7385
33912	11972
33912	11983
33912	11983
33915	8783
33915	11994
33915	11995
33915	8069
33916	9132
33916	11998
33916	10483
33916	10483
33916	5780
33923	12012
33926	12018
33930	4125
33930	2110
33935	1955
33935	1469
33945	2047
33977	2183
33977	2188
33977	2189
33981	11998
33985	12089
33985	12091
33985	6407
33985	6407
33988	12095
34002	12118
34002	12119
34002	12119
34004	12120
34005	1809
34010	2820
34012	12127
34012	12137
34012	3535
34012	282
34012	282
34012	12153
34012	12153
34012	12153
34012	3341
34018	9992
34019	12168
34019	9327
34026	1997
34026	1997
34026	1997
34026	1997
34026	1997
34026	1997
34027	12177
34027	12181
34027	12187
34027	12190
34027	2110
34027	12197
34031	12199
34031	1184
34037	7784
34037	7788
34045	1019
34045	12225
34045	6747
34048	10223
34050	1799
34050	5871
34059	4135
34059	12269
34059	12270
34059	12271
34059	12272
34059	12283
34059	4009
34059	8783
34059	2077
34059	12299
34059	6940
34059	2145
34059	12302
34059	12305
34059	11260
34059	12308
34059	11975
34059	2817
34059	12313
34059	12315
34059	11876
34059	7512
34059	12328
34059	12333
34059	4732
34059	10674
34059	10674
34059	11994
34059	7750
34059	7750
34059	12338
34059	76
34059	11518
34059	6980
34059	6309
34059	78
34059	11995
34059	5596
34059	1700
34059	11218
34059	11218
34059	11218
34059	1702
34059	6280
34059	6280
34059	12364
34059	12364
34059	12364
34059	5144
34059	9363
34059	12365
34059	12365
34059	12365
34059	2107
34059	11983
34059	11983
34059	4813
34059	7021
34059	6563
34059	2901
34059	12376
34063	12270
34063	12386
34063	7518
34063	4391
34063	4391
34063	4732
34063	3418
34063	3471
34063	1163
34063	7021
34064	12390
34070	12541
34075	3530
34076	2647
34085	12576
34088	8762
34093	5572
34093	2352
34093	2390
34093	12585
34093	9605
34097	4538
34099	4073
34111	1903
34120	4009
34120	5599
34120	5599
34122	9422
34123	333
34125	12623
34128	1095
34128	11308
34128	2254
34128	12626
34134	255
34134	255
34134	3338
34134	12665
34134	12668
34134	12668
34139	4373
34143	12390
34145	219
34145	10244
34145	12683
34145	2202
34145	10069
34145	12695
34145	12696
34145	12697
34145	12698
34145	12699
34145	12700
34145	12701
34145	12702
34145	12704
34145	12705
34145	12707
34145	274
34145	12710
34150	316
34151	12717
34156	2700
34156	4368
34156	4368
34168	8043
34168	8043
34169	12769
34169	12127
34171	5073
34172	10436
34172	12779
34172	7016
34174	2090
34174	2090
34174	12785
34174	6749
34174	12364
34180	12683
34180	62
34181	4096
34181	12804
34189	12807
34207	12826
34208	12827
34208	8322
34208	4841
34209	12831
34209	3185
34211	2000
34211	11947
34211	3311
34213	10388
34217	12856
34218	12858
34219	12860
34219	1946
34220	7578
34226	12864
34226	8401
34226	12887
34226	5481
34226	12902
34226	9128
34228	12913
34228	66
34228	11647
34228	11647
34228	2338
34228	2338
34228	12919
34239	12925
34241	1125
34244	12929
34244	12930
34244	1182
34244	4628
34247	4581
34247	4581
34257	12943
34260	9197
34261	12946
34261	12947
34261	6811
34261	9695
34261	9695
34261	4724
34261	5762
34261	2564
34261	1519
34261	2902
34264	10836
34264	1030
34264	2722
34270	12980
34293	9300
34295	13090
34296	13091
34301	13099
34301	13100
34303	3310
34310	6365
34310	269
34311	13116
34317	13134
34317	13137
34320	6932
34320	13144
34320	1337
34328	2739
34334	13173
34334	9474
34340	3415
34341	13188
34342	2746
34342	2746
34354	280
34357	5086
34359	6136
34361	13206
34361	2188
34362	3330
34363	13215
34363	13216
34363	9300
34379	13239
34379	9614
34379	333
34381	6460
34381	13249
34381	13249
34383	2143
34383	13252
34390	13285
34396	9769
34399	13295
34399	13296
34404	13301
34406	13303
34406	13305
34408	10965
34408	13316
34408	340
34408	8762
34408	11829
34408	13305
34408	11832
34408	11839
34409	13365
34409	13366
34409	13367
34409	13368
34409	13368
34409	10935
34409	2868
34409	13369
34409	13370
34409	4101
34409	11045
34409	4828
34409	12187
34409	4076
34409	13373
34409	1184
34409	1184
34410	4109
34410	4109
34410	4109
34410	4109
34411	13387
34411	2723
34414	13411
34414	4373
34418	8777
34419	13415
34419	13416
34420	10081
34420	10081
34420	4440
34446	4460
34446	13523
34446	12328
34446	9001
34446	13529
34446	8069
34446	8867
34449	13531
34450	13532
34456	5172
34456	9619
34457	13548
34457	12333
34461	13554
34468	2047
34474	10860
34475	13569
34475	13570
34475	13571
34475	5256
34475	13572
34478	13575
34479	13576
34482	10965
34483	10354
34494	13589
34498	13590
34498	13604
34498	13605
34498	13609
34498	13615
34499	3111
34508	13630
34509	11583
34509	1945
34509	4443
34519	262
34519	3592
34530	13655
34532	13656
34534	13657
34536	7402
34536	11738
34536	3082
34536	6979
34536	6979
34536	6979
34539	3779
34550	6409
34553	13684
34554	333
34564	13696
34565	11534
34565	11534
34565	13698
34569	4384
34569	13701
34569	2049
34569	9390
34569	9396
34569	13707
34570	13708
34578	13714
34583	13719
34594	10106
34595	13732
34603	7044
34604	10925
34612	5348
34621	12271
34623	1844
34626	1114
34628	2145
34628	13783
34628	9615
34641	12683
34651	2583
34664	13853
34670	10043
34691	13933
34691	13934
34691	12576
34696	13953
34697	13970
34697	7490
34697	13972
34707	2202
34708	8907
34710	13995
34710	13997
34710	13999
34718	10208
34718	10208
34718	14010
34718	9299
34718	10446
34718	10446
34718	9763
34718	14014
34718	14017
34718	9213
34737	14034
34738	14035
34738	14036
34738	14037
34738	14042
34738	14042
34738	4636
34738	14047
34742	14061
34743	14078
34748	59
34748	62
34749	4926
34749	14083
34749	14083
34757	8043
34758	14093
34761	7310
34761	14101
34761	4867
34761	13570
34764	14119
34769	210
34769	9732
34769	4349
34769	14129
34775	11189
34776	8254
34776	8384
34776	14136
34776	11975
34776	6189
34777	10675
34777	10675
34782	209
34782	14143
34782	9002
34782	6485
34789	6773
34792	2076
34792	10626
34792	8720
34792	3469
34792	3330
34792	10370
34792	10370
34792	6305
34792	3471
34792	11547
34792	10645
34792	5148
34792	5148
34792	1517
34794	12541
34794	12541
34796	4073
34804	14230
34806	4443
34819	12199
34819	4908
34819	14248
34819	8254
34819	4267
34819	12929
34819	252
34819	10447
34819	14014
34819	14014
34819	4619
34819	2887
34819	2413
34819	8322
34819	8322
34819	7016
34819	14256
34819	14256
34819	7026
34826	10235
34826	10235
34826	9558
34826	11634
34826	1511
34826	1511
34832	14286
34837	14303
34837	3469
34837	3477
34837	14317
34852	9068
34852	6701
34852	2690
34852	2690
34852	280
34854	14348
34854	10473
34854	10325
34854	11208
34854	2413
34856	14367
34856	4853
34856	8870
34860	14375
34860	13295
34860	4614
34860	11179
34860	14383
34860	14385
34860	5143
34860	9932
34860	2832
34867	14392
34868	11890
34868	6487
34879	14420
34879	4756
34879	11894
34879	11267
34879	14422
34879	6485
34886	14434
34890	9091
34893	2808
34893	2198
34893	1095
34893	4477
34894	14459
34899	14467
34901	14472
34904	14476
34905	8349
34906	7578
34907	5599
34907	5599
34910	14367
34910	4853
34910	12328
34918	5642
34918	1183
34924	5159
34926	14532
34927	2632
34934	1103
34934	6385
34944	14561
34944	10358
34944	6286
34944	2628
34944	2629
34944	14574
34944	9836
34944	10465
34944	14579
34944	4101
34944	14582
34944	2668
34944	14587
34944	7035
34944	3415
34944	3415
34944	9967
34944	14595
34944	14596
34944	7038
34944	6310
34944	11048
34944	1502
34944	9655
34944	1515
34944	1515
34944	1515
34944	1206
34945	14606
34945	14608
34946	2111
34954	7773
34962	2460
34962	14061
34964	9967
34971	3418
34974	3522
34974	14753
34977	3442
34982	14363
34983	2070
34983	2266
34983	12177
34983	11810
34983	11814
34984	4250
34984	14771
34984	1296
34984	2765
34984	2765
34984	7038
34984	7001
34984	7586
34984	3124
34991	5123
34995	230
34995	5997
34995	9244
35000	8007
35000	13783
35000	8030
35000	4589
35000	14790
35002	14796
35002	6153
35002	14797
35029	14847
35029	14853
35029	9163
35030	2629
35030	9163
35030	281
35035	13979
35053	14903
35053	14905
35053	6302
35053	4659
35053	14533
35060	14924
35087	6148
35087	9107
35087	14955
35087	14958
35087	14958
35087	14958
35087	14958
35087	7638
35087	7638
35087	7638
35087	7638
35087	5141
35090	14961
35102	65
35102	14973
35102	14974
35102	8642
35102	991
35111	5316
35111	15015
35111	15018
35112	15022
35118	15029
35118	12376
35121	9089
35121	9089
35121	3465
35121	10005
35121	9967
35121	15033
35121	12168
35121	11713
35121	8069
35121	15034
35121	11634
35121	15035
35121	4579
35126	15040
35126	15040
35131	2198
35131	1095
35143	7302
35143	2886
35156	4242
35158	2670
35161	15092
35161	2802
35161	2153
35161	4141
35161	2189
35168	15100
35168	15101
35168	15102
35168	15104
35168	15105
35168	15106
35168	15107
35168	15108
35168	209
35168	209
35168	15109
35168	15110
35168	7860
35168	15111
35168	15112
35168	2031
35168	15113
35168	15113
35168	1178
35168	10789
35169	15114
35174	1276
35174	9142
35174	15121
35174	9145
35174	6748
35174	15126
35174	15128
35174	13707
35181	15135
35181	15135
35187	12623
35187	12623
35188	15166
35188	9131
35188	14010
35188	6940
35188	15177
35188	6170
35188	5696
35188	15184
35188	14014
35188	14014
35188	14348
35188	15204
35188	1460
35188	15211
35188	2830
35188	2830
35188	1528
35188	1528
35190	5775
35195	15227
35195	14383
35201	15235
35204	5221
35205	15237
35207	5881
35207	15244
35207	15245
35207	9993
35207	5997
35207	1378
35208	15250
35209	15252
35209	15254
35210	9331
35210	9331
35210	6313
35227	15268
35246	8657
35246	15309
35246	15311
35247	8672
35247	15313
35253	4261
35253	9616
35253	15322
35253	4277
35253	2829
35253	5300
35258	4095
35258	3097
35258	12333
35258	3535
35274	3091
35274	214
35274	5642
35279	5245
35281	15389
35281	8020
35281	7723
35281	7723
35281	1378
35281	6750
35281	9163
35281	9163
35281	6993
35283	15397
35284	15402
35294	3083
35301	10624
35306	6718
35306	6718
35306	1047
35306	11994
35306	12162
35310	4350
35319	4391
35319	4391
35334	6431
35334	15459
35334	11669
35334	6166
35334	10977
35334	10977
35334	1172
35334	15465
35334	9853
35334	9853
35334	6189
35334	11534
35334	15469
35334	15469
35334	11218
35334	15474
35334	15475
35334	2104
35334	2104
35334	7016
35334	15477
35334	15035
35334	4578
35336	15485
35336	6807
35340	7307
35341	15493
35341	14383
35341	6773
35344	8774
35344	8774
35344	8774
35344	4246
35344	15496
35359	15522
35359	15523
35360	3072
35364	2629
35364	10311
35367	9769
35375	9422
35375	6706
35375	14574
35375	6435
35375	15565
35375	1266
35375	1903
35375	5479
35375	10085
35375	7578
35375	15579
35375	1365
35375	1369
35375	6747
35375	15584
35375	15586
35375	15588
35375	8350
35375	8395
35375	11049
35375	3442
35375	4659
35375	11634
35387	2689
35387	15621
35392	2139
35422	15033
35422	15033
35425	10977
35425	10977
35425	6720
35425	6459
35425	11682
35425	9619
35425	15687
35435	15693
35435	12946
35435	2029
35435	2079
35435	2322
35435	15704
35435	5283
35435	2644
35435	7712
35435	7712
35435	4895
35443	4574
35446	15719
35448	4144
35448	15691
35450	5404
35450	269
35451	15018
35454	1481
35459	6807
35469	15786
35469	15787
35470	15791
35489	9089
35496	12091
35506	15839
35511	1946
35513	15693
35513	5668
35513	14376
35513	10935
35513	15878
35513	15880
35513	10977
35513	10977
35513	15882
35513	9139
35513	2079
35513	2079
35513	5256
35513	15888
35513	15891
35513	15892
35513	3493
35513	15900
35513	15900
35513	15900
35513	8722
35513	15476
35513	4538
35513	4538
35513	3503
35513	15477
35513	14317
35513	5745
35522	7786
35522	2804
35522	10330
35528	9907
35533	3522
35533	15949
35533	14753
35533	3592
35542	6422
35542	6427
35542	15978
35542	14344
35542	15981
35542	5707
35542	15982
35542	15688
35542	15985
35545	5061
35545	4748
35545	6456
35545	15994
35545	6496
35545	15997
35557	9214
35568	16025
35568	11718
35571	16049
35571	6564
35573	6457
35574	5252
35582	9235
35587	6136
35587	16058
35590	239
35591	2632
35601	15033
35601	13298
35601	4659
35606	16092
35606	16102
35607	2564
35610	16116
35610	9107
35610	8774
35610	8774
35610	8774
35610	4095
35610	16117
35610	15719
35610	14326
35615	9558
35627	2901
35628	2253
35628	15018
35634	2636
35634	2636
35634	6555
35635	1184
35636	4009
35643	8587
35649	4085
35663	16186
35663	9550
35663	12804
35666	13295
35666	10940
35666	9853
35666	5269
35666	5269
35666	13298
35671	1809
35673	12199
35673	1997
35673	11738
35673	16203
35673	2625
35673	2625
35673	2636
35673	6738
35673	9160
35679	13979
35688	9548
35688	4826
35688	11975
35688	4829
35688	2560
35688	6962
35688	8489
35688	8907
35688	2563
35688	2564
35688	2901
35692	1979
35726	3091
35726	11919
35726	1079
35726	7309
35726	1904
35726	15355
35734	15351
35737	2560
35747	3091
35747	1904
35747	16393
35747	5674
35747	2110
35751	4002
35751	1080
35751	8485
35755	15621
35757	16407
35757	4936
35757	4936
35757	16409
35757	1286
35757	15854
35757	11691
35757	11691
35757	16412
35757	16415
35757	2712
35766	6365
35766	15355
35789	16459
35789	16462
35789	2210
35790	4095
35790	7717
35790	16474
35790	11211
35790	16477
35790	16477
35790	14084
35801	13605
35802	4191
35805	16494
35806	1019
35808	16496
35808	15389
35816	16504
35821	3095
35822	16516
35825	2143
35825	13783
35825	4072
35826	8254
35827	5316
35827	16521
35827	4864
35830	16572
35830	16603
35830	16606
35832	15475
35833	1799
35833	1809
35833	5871
35833	3319
35834	16635
35837	11742
35837	16638
35837	8672
35839	15166
35839	14420
35839	14248
35839	16647
35839	9048
35839	10313
35839	4949
35839	16657
35839	16658
35839	10317
35839	16659
35839	16659
35839	16205
35839	4374
35839	2716
35839	16206
35839	16668
35839	16668
35839	15204
35839	1417
35839	15413
35839	8395
35839	18
35839	7017
35839	7017
35839	11634
35839	5186
35839	5186
35839	281
35848	16678
35848	16681
35848	16681
35848	4144
35857	9145
35858	16659
35858	16659
35858	16659
35858	11280
35862	2629
35864	9385
35865	3046
35866	13239
35875	10977
35875	10977
35875	7786
35875	16706
35875	5134
35875	10333
35876	16707
35878	10670
35878	10670
35884	7294
35889	1125
35896	5065
35902	1483
35908	16732
35919	16740
35919	16743
35919	1047
35919	16744
35919	10459
35923	9991
35923	9991
35928	7708
35928	1047
35943	13387
35957	12826
35966	10388
35967	12095
35973	16808
35974	2627
35974	16816
35974	16816
35974	10420
35974	16820
35974	2092
35974	16821
35974	7581
35974	7581
35974	7581
35974	7581
35974	9606
35974	6412
35974	9827
35974	1973
35974	16828
35978	9456
35978	9615
35978	2765
35978	2765
35978	16840
35980	2477
35981	11048
35985	2632
35987	7861
35987	1880
35999	16877
35999	5881
35999	6203
36003	16880
36003	16881
36003	3841
36003	3841
36003	266
36003	10690
36003	10690
36006	3522
36006	13173
36006	16885
36006	16885
36006	16886
36006	16888
36006	4957
36006	2002
36006	170
36016	12868
36016	16941
36016	16943
36016	16944
36016	16945
36016	16946
36016	16947
36016	16948
36016	4102
36016	15113
36016	16949
36020	12683
36020	6409
36029	16973
36038	5479
36038	15197
36039	16977
36044	7491
36048	16986
36056	16995
36056	16996
36056	16997
36056	16997
36056	9355
36056	17001
36056	17001
36056	17002
36056	17002
36056	17003
36056	9517
36057	13295
36057	12299
36057	1940
36068	17016
36068	17018
36068	14083
36068	14083
36068	17023
36068	5599
36068	5599
36068	5599
36077	17035
36077	17036
36077	7870
36077	17039
36077	17039
36081	17046
36081	17047
36081	17049
36081	17051
36083	17054
36083	11669
36083	15579
36083	17066
36083	17071
36083	17075
36083	17075
36083	17078
36083	17079
36083	17080
36083	17081
36083	17082
36083	17083
36083	17084
36083	17085
36083	17086
36083	9433
36083	17087
36083	17087
36083	17088
36083	9699
36083	14900
36083	17094
36083	17095
36083	17096
36083	17097
36083	17097
36083	17103
36083	17104
36083	17105
36083	17106
36083	7735
36083	7735
36083	17107
36083	17107
36083	17107
36083	17108
36083	17108
36083	17109
36083	17110
36083	17110
36083	17113
36083	5269
36083	5269
36083	15337
36083	4652
36083	17125
36083	17127
36083	17128
36083	9670
36083	9670
36083	9580
36083	17137
36083	17140
36083	17141
36083	17142
36083	17143
36083	17144
36083	17145
36083	17146
36083	4654
36083	17161
36083	17162
36083	9349
36083	17164
36083	17164
36083	17165
36083	17165
36083	17166
36083	17166
36083	17167
36083	17168
36083	14905
36083	14905
36083	12333
36083	12333
36083	12333
36083	17169
36083	17169
36083	17170
36083	17170
36083	9508
36083	9508
36083	17173
36083	17187
36086	10966
36086	10966
36086	4372
36086	1382
36089	2079
36089	1286
36090	17229
36094	17232
36094	6374
36094	229
36094	4141
36111	5269
36111	5269
36112	10179
36115	2812
36115	10081
36115	10081
36115	6597
36120	17274
36120	17275
36120	17275
36120	17278
36120	17279
36120	5236
36120	6939
36120	10354
36120	17290
36120	5697
36120	5697
36120	4069
36120	7492
36120	17293
36120	1788
36120	17300
36120	17300
36124	6148
36132	4250
36135	4250
36136	7309
36137	2891
36141	17355
36148	17363
36153	16116
36153	14856
36158	17384
36158	3418
36158	3418
36165	17398
36173	9615
36173	2560
36173	2803
36173	17466
36173	17473
36173	17481
36173	11544
36173	17483
36173	2564
36173	1221
36173	15254
36173	81
36183	17502
36185	14459
36188	4202
36188	5971
36188	17505
36191	17508
36197	17529
36207	17537
36207	17540
36207	17541
36207	4919
36207	17546
36207	6813
36207	5172
36207	4866
36207	4866
36207	17555
36207	1311
36207	16205
36207	5585
36207	2689
36207	9196
36207	17567
36207	1125
36207	16206
36207	4079
36207	5837
36207	2707
36207	17579
36207	5186
36207	5186
36207	6790
36211	17593
36224	1979
36239	10132
36239	17636
36239	17637
36239	17642
36239	17648
36239	10873
36239	10879
36242	6756
36245	10244
36249	2202
36252	10940
36252	15704
36254	9139
36254	9144
36254	15121
36254	13100
36254	2613
36255	4664
36259	4567
36262	17681
36262	9208
36262	9208
36262	4006
36262	4624
36264	1175
36270	5073
36273	76
36275	17694
36276	4815
36278	17113
36278	17697
36279	14385
36297	17724
36311	14477
36311	4568
36311	17733
36311	4109
36311	4109
36311	11048
36327	5972
36327	8897
36327	17234
36327	229
36327	15949
36327	6443
36327	17796
36327	17799
36327	5930
36327	8902
36327	4141
36327	10326
36327	2820
36327	2820
36327	2820
36327	17803
36327	8642
36327	14119
36327	10879
36328	17809
36328	17809
36328	17809
36328	6494
36328	8855
36328	8855
36328	8855
36328	8855
36328	17819
36332	5609
36332	11267
36333	11890
36333	17829
36333	4756
36333	17830
36333	6487
36333	11896
36333	11896
36337	8897
36337	7873
36337	9474
36337	16885
36337	16885
36337	9331
36337	62
36337	991
36337	5313
36347	6136
36349	10104
36349	7297
36349	17910
36349	17910
36349	5736
36349	5736
36352	13934
36352	7310
36352	17927
36352	7311
36361	6409
36371	1955
36372	17829
36372	17948
36372	6457
36372	17954
36380	14847
36380	17979
36380	17979
36380	5262
36380	17986
36380	10796
36380	6982
36380	9165
36380	6988
36380	8352
36380	6243
36380	18001
36388	12623
36392	6940
36392	12315
36392	9616
36392	16658
36392	1125
36392	1955
36392	1760
36392	1511
36392	1511
36397	6555
36398	6931
36398	6931
36398	17290
36398	16412
36398	3418
36398	18025
36398	18025
36398	6264
36398	3443
36398	18026
36398	311
36398	311
36398	6532
36399	18028
36402	16808
36402	18031
36402	4815
36402	5691
36402	9841
36402	4549
36402	5143
36403	10208
36403	6148
36403	4646
36403	208
36403	1019
36403	10436
36403	14477
36403	17275
36403	4543
36403	4926
36403	18069
36403	4460
36403	4930
36403	18076
36403	15459
36403	3434
36403	7579
36403	3841
36403	242
36403	242
36403	3291
36403	2200
36403	1233
36403	18094
36403	1807
36403	244
36403	12826
36403	9844
36403	18098
36403	17290
36403	12929
36403	8799
36403	8799
36403	2632
36403	6597
36403	10223
36403	16744
36403	4810
36403	12328
36403	16840
36403	14014
36403	17087
36403	17087
36403	13099
36403	17088
36403	5269
36403	2428
36403	17140
36403	17144
36403	18124
36403	18128
36403	18129
36403	13696
36403	18131
36403	18135
36403	17697
36403	18136
36403	7750
36403	12338
36403	17295
36403	17001
36403	17001
36403	9667
36403	1125
36403	17002
36403	17002
36403	6756
36403	8349
36403	2441
36403	18145
36403	6765
36403	6988
36403	9661
36403	9661
36403	8395
36403	11713
36403	6264
36403	9866
36403	2650
36403	2564
36403	8837
36403	1490
36403	14533
36403	17187
36403	4895
36403	1206
36406	13206
36413	17642
36430	18206
36446	4936
36451	16116
36451	16186
36451	10915
36451	16117
36451	10685
36451	12541
36451	12541
36451	12541
36451	3105
36451	7392
36451	3540
36451	3541
36451	14326
36451	8043
36451	8043
36451	8043
36451	2804
36451	12197
36457	9453
36457	18255
36457	14143
36457	9455
36457	3105
36457	6460
36457	3107
36457	8196
36457	16744
36457	9457
36457	6302
36457	10391
36457	4536
36457	10470
36457	11047
36457	11049
36457	6280
36457	6280
36457	2650
36457	11727
36470	18285
36470	6115
36470	10813
36471	9861
36471	9861
36471	4664
36476	14101
36476	18302
36478	6739
36479	6739
36485	17733
36487	18349
36493	18357
36493	15313
36494	18358
36494	1913
36494	6286
36494	1266
36494	1047
36494	1419
36494	2210
36494	1503
36494	13698
36494	5152
36494	2902
36494	10333
36496	13303
36496	3301
36499	2746
36499	6701
36500	2428
36500	2428
36501	1168
36501	18374
36501	18375
36501	6944
36501	10325
36512	10813
36516	18431
36519	14392
36519	18434
36519	1232
36519	8762
36519	11912
36519	15018
36519	18438
36531	18135
36532	16643
36532	18448
36532	8777
36532	230
36532	18450
36532	9094
36532	1176
36532	263
36532	17295
36532	10673
36532	9244
36532	4242
36532	4242
36537	13662
36541	13411
36541	18462
36546	18491
36546	17317
36553	4653
36554	8734
36564	10836
36564	16886
36564	5997
36566	9129
36574	10436
36574	8069
36576	4664
36578	1799
36578	13090
36578	1809
36578	5871
36592	1690
36592	18545
36592	18545
36603	9150
36604	9990
36607	5575
36607	2391
36607	3083
36607	6738
36607	4074
36607	11634
36615	12856
36621	2802
36626	18592
36626	14582
36626	18593
36626	1447
36628	15252
36628	18593
36628	13698
36631	13366
36631	18602
36631	10212
36631	4853
36631	7860
36631	18603
36631	17902
36633	2629
36633	18605
36633	316
36637	18608
36645	16885
36645	4767
36649	1032
36649	4368
36654	9422
36654	18623
36654	12779
36654	6136
36654	15252
36654	4614
36654	8371
36654	5997
36654	11033
36654	6509
36654	1483
36654	2110
36662	18632
36667	18634
36667	1232
36667	2670
36667	17088
36667	17295
36667	17002
36667	17002
36667	18650
36667	5073
36667	5073
36667	14533
36667	14533
36667	15523
36667	10233
36670	18660
36670	3174
36670	6739
36670	6739
36670	4167
36670	5137
36670	9827
36670	2902
36678	1903
36681	6807
36681	3046
36703	18712
36708	1286
36709	1114
36709	18718
36710	16496
36710	18072
36710	7402
36710	1286
36710	1286
36710	3083
36710	6954
36710	1315
36710	18721
36710	6962
36710	14476
36710	6212
36710	6212
36710	6212
36710	6212
36710	3530
36710	3530
36710	3530
36710	3310
36710	3310
36710	3310
36710	6993
36710	3407
36717	1809
36725	18754
36725	18755
36725	18756
36725	16816
36725	2092
36725	2820
36725	2820
36725	9606
36725	5292
36725	1469
36725	5146
36727	9766
36730	18767
36730	4611
36730	15978
36730	6165
36730	18774
36730	17997
36735	1997
36736	5159
36739	7392
36739	7392
36739	1945
36739	5674
36741	9443
36744	10106
36745	2670
36745	2189
36750	7586
36757	8069
36758	15693
36758	18800
36758	7491
36758	4574
36758	4574
36758	10483
36758	10483
36758	1180
36758	4368
36769	18882
36769	18885
36769	18885
36769	18886
36769	18888
36769	18892
36770	18893
36773	4519
36773	7788
36775	9990
36775	3310
36777	2104
36784	4368
36814	234
36814	1103
36814	10938
36838	18086
36841	12120
36845	6435
36856	8568
36856	4443
36856	19045
36856	19046
36856	16419
36866	4065
36871	4822
36872	19061
36876	15697
36876	19071
36876	270
36887	6416
36887	1275
36887	19080
36887	6313
36887	13853
36887	80
36905	19109
36905	19110
36905	19111
36906	19112
36906	19112
36906	19112
36906	19112
36906	1184
36906	1184
36910	15166
36910	9131
36910	19116
36910	12779
36910	2190
36913	10081
36913	2632
36913	10624
36916	6347
36916	9328
36916	11919
36916	16521
36916	6355
36916	16968
36916	62
36920	316
36926	210
36944	9455
36944	6136
36944	19413
36944	4836
36947	3333
36948	15138
36960	7392
36963	7875
36963	19434
36966	19439
36972	10208
36972	10208
36972	16808
36972	6931
36972	10935
36972	4933
36972	2049
36972	2049
36972	2049
36972	19122
36972	11876
36972	12187
36972	1324
36972	6962
36972	5115
36972	11029
36972	4534
36972	14591
36972	4167
36972	9677
36972	19484
36972	19487
36972	19487
36972	19488
36972	2887
36972	8282
36972	18025
36972	18025
36972	11544
36972	16477
36972	16477
36972	6264
36972	6235
36972	19496
36972	9932
36972	9932
36972	9932
36972	9932
36972	1490
36972	1490
36972	2831
36972	1499
36972	4813
36972	11551
36972	2110
36972	6532
36972	2061
36975	19511
36975	2441
36975	2441
36975	2441
36975	2441
36975	2441
36975	19512
36975	19512
36977	8218
36978	15397
36986	19527
36996	19542
36996	9422
36996	19543
36996	14420
36996	4927
36996	8008
36996	19547
36996	2090
36996	2090
36996	5707
36996	8012
36996	2190
36996	1182
36996	15687
36996	14224
36996	2902
37005	9150
37010	19560
37024	19585
37031	19587
37043	4646
37043	11502
37045	18123
37046	13369
37046	5269
37046	2645
37047	17636
37064	17481
37071	5674
37072	10106
37072	10106
37072	10106
37074	18450
37075	16968
37075	269
37076	11922
37080	1765
37080	63
37086	12270
37086	19622
37086	2863
37086	9836
37086	12585
37086	9093
37086	11647
37086	2820
37086	2820
37086	1426
37086	4836
37086	2712
37086	2712
37097	12386
37097	14383
37106	6748
37113	8907
37123	1945
37131	15982
37132	12190
37133	14083
37139	19585
37144	12826
37144	11518
37153	19800
37153	9214
37153	19801
37155	19802
37159	7780
37159	18767
37159	19806
37170	19814
37171	19814
37177	15949
37180	12120
37180	11583
37185	10370
37190	11261
37193	6284
37193	14375
37193	3097
37193	6305
37193	6305
37193	11047
37193	10094
37193	8284
37198	19863
37200	4242
37200	4242
37204	2210
37207	14903
37207	17697
37207	6883
37208	13995
37212	19883
37212	19488
37212	5283
37212	19838
37212	19838
37212	19884
37212	1511
37212	1511
37212	3535
37213	9605
37224	15378
37224	11707
37224	10675
37228	19901
37237	1946
37240	19940
37241	19940
37245	19945
37245	479
37245	19413
37255	15880
37264	10370
37264	19957
37267	15854
37271	6150
37271	5264
37272	19961
37280	19970
37280	19973
37281	18285
37293	9107
37293	5137
37293	7016
37293	1515
37296	4908
37296	5572
37296	12095
37296	3481
37296	8254
37296	9836
37296	6712
37296	20039
37296	20042
37296	20044
37296	16743
37296	1365
37296	6302
37296	5275
37296	10391
37296	2102
37296	1436
37296	1436
37296	9170
37296	9170
37296	9170
37296	3503
37296	5744
37296	6801
37298	4368
37301	2826
37301	17490
37303	20077
37303	20080
37304	6136
37310	20085
37317	20091
37340	277
37349	9723
37364	4204
37368	20133
37368	11833
37386	4589
37393	20170
37397	20174
37397	10420
37397	10322
37397	20177
37408	14420
37408	4756
37408	11894
37426	20218
37439	16877
37439	2390
37439	5707
37439	4664
37460	7891
37464	7393
37465	20244
37466	2560
37466	2564
37472	7490
37477	13531
37481	20259
37481	20261
37487	20266
37487	20267
37487	20268
37499	4543
37499	4549
37503	6556
37507	5884
37507	9235
37507	20303
37507	2079
37507	15888
37507	15888
37507	5264
37507	4533
37507	4373
37507	2690
37507	2690
37507	15997
37507	20320
37507	2829
37507	10964
37507	10964
37507	7208
37507	7208
37513	1276
37513	9660
37527	1031
37530	9415
37531	9415
37535	9266
37558	17540
37558	17555
37558	1136
37558	16857
37563	15355
37578	13630
37593	20462
37598	20469
37601	7294
37606	15808
37606	4624
37608	10961
37608	9550
37625	4611
37625	9208
37625	9208
37625	12931
37625	12932
37627	9443
37634	2564
37636	5344
37636	2628
37636	2629
37636	10420
37636	12930
37636	20582
37638	66
37643	10358
37643	4160
37643	20591
37643	15878
37643	20603
37643	7782
37643	20604
37643	18658
37643	18658
37643	241
37643	5252
37643	6724
37643	20612
37643	10447
37643	20619
37643	14382
37643	6770
37643	8395
37643	18669
37643	6310
37643	5010
37644	14526
37652	2700
37652	7307
37653	5889
37653	14771
37653	5696
37653	16412
37666	13972
37667	9089
37667	19527
37667	14375
37667	4457
37667	7707
37667	5065
37667	20736
37667	6938
37667	6939
37667	6292
37667	17016
37667	20740
37667	10385
37667	10385
37667	9841
37667	4101
37667	8795
37667	2669
37667	20741
37667	5087
37667	5087
37667	5258
37667	2632
37667	15322
37667	20748
37667	16025
37667	6299
37667	14587
37667	9457
37667	4073
37667	8810
37667	7495
37667	20751
37667	20752
37667	20752
37667	20752
37667	1419
37667	10393
37667	1458
37667	17300
37667	1483
37667	11718
37667	18026
37667	1502
37667	20754
37667	1685
37667	1685
37667	16828
37667	14286
37672	1718
37674	12683
37681	20771
37693	20787
37694	10106
37694	10106
37697	6509
37709	6456
37735	1127
37735	8046
37735	8046
37741	2872
37741	3105
37743	6497
37744	4648
37745	14363
37752	10484
37752	8046
37752	8855
37752	8855
37753	18789
37754	4581
37754	4581
37754	2739
37758	3099
37758	3107
37758	18545
37758	18545
37764	15033
37764	15033
37764	15033
37775	20863
37775	20864
37775	4610
37775	4610
37775	12272
37775	13411
37775	13295
37775	15252
37775	10678
37775	11912
37775	18658
37775	18658
37775	10670
37775	10670
37775	1940
37775	18660
37775	6460
37775	20874
37775	3994
37775	9845
37775	2031
37775	2634
37775	9604
37775	14383
37775	6212
37775	10671
37775	10990
37775	14596
37775	2639
37775	1163
37775	18025
37775	18025
37775	9827
37775	15475
37775	17997
37800	1702
37801	15854
37807	9820
37807	269
37808	7597
37811	15227
37811	9612
37811	8254
37811	230
37811	1293
37811	3994
37811	1365
37811	6739
37811	1955
37811	78
37811	11034
37811	1447
37811	1451
37814	1903
37815	235
37815	5418
37818	12623
37819	12541
37820	20943
37820	13655
37820	13657
37827	8799
37827	11727
37834	4338
37852	2047
37853	340
37853	340
37870	18592
37884	16186
37884	6459
37884	10340
37891	21068
37917	6555
37918	9363
37922	10967
37922	11280
37926	3083
37926	8340
37928	6744
37934	10106
37940	7581
37940	7581
37940	7581
37940	7581
37950	21143
37950	9860
37950	21144
37950	15827
37950	21145
37958	18450
37958	21152
37958	11045
37958	5814
37958	11682
37958	11048
37958	1206
37960	3828
37963	2351
37963	16740
37963	18800
37963	21158
37963	8784
37963	9823
37963	4828
37963	17733
37963	10388
37963	2636
37963	2636
37963	2636
37963	15040
37963	15040
37963	21166
37963	21166
37980	14385
37980	2820
37981	1671
37981	17088
37981	6555
37983	18098
37983	7750
37983	13298
37984	4581
37984	21183
37984	6435
37984	15177
37984	7392
37984	6173
37984	2240
37984	1324
37984	16821
37984	12190
37997	7307
37998	1671
37998	6807
37998	316
37999	17278
37999	21196
37999	6189
38004	3442
38011	21204
38013	12827
38013	5707
38017	21232
38017	21234
38017	21235
38017	21236
38017	21250
38017	21259
38017	21260
38020	9443
38023	4136
38023	21266
38023	9091
38023	21270
38023	5264
38023	11691
38023	11691
38023	4141
38023	4073
38023	8809
38023	9859
38023	20582
38023	20582
38023	20582
38023	20582
38023	21271
38023	21271
38023	21271
38023	21271
38023	15469
38023	15469
38023	21272
38023	1955
38023	1955
38023	1788
38023	9661
38023	9661
38023	9661
38023	9661
38023	11995
38023	1700
38023	2829
38023	5152
38031	15121
38031	10483
38031	6801
38034	5065
38034	2029
38034	5798
38034	13144
38034	2668
38034	21285
38034	2240
38034	2092
38034	6739
38034	20751
38034	2831
38034	18026
38034	2246
38044	21311
38049	9732
38049	10690
38049	10690
38049	7788
38060	9604
38061	207
38064	21337
38067	2690
38067	2690
38069	7581
38069	7581
38069	7581
38069	7581
38077	15033
38077	15033
38077	5599
38077	5599
38088	4581
38088	21351
38088	3443
38092	21352
38092	16643
38092	4581
38092	8777
38092	11045
38093	15227
38093	10436
38093	4917
38093	3097
38093	14161
38093	21354
38093	12127
38093	12128
38093	11975
38093	21356
38093	8797
38093	8485
38093	10784
38093	10784
38093	1176
38093	1952
38093	2057
38093	9827
38093	2104
38093	2104
38093	2902
38095	3287
38095	9861
38095	9861
38099	1997
38101	21385
38101	1973
38105	14363
38106	3779
38106	21389
38108	5889
38115	3828
38115	4936
38116	16808
38116	2000
38116	10915
38116	6598
38116	5575
38116	10938
38116	4614
38116	15994
38116	8799
38116	8799
38116	12328
38116	13116
38116	13972
38116	6979
38116	18718
38116	5283
38116	11034
38116	5073
38116	5073
38116	2901
38123	8710
38141	2562
38141	9266
38141	2701
38141	7307
38141	2111
38141	2111
38153	9423
38156	10313
38179	14790
38182	7309
38207	18357
38217	2564
38218	3046
38229	9422
38229	5479
38237	21531
38238	11890
38246	6556
38246	18206
38261	2750
38261	17910
38261	17910
38263	316
38267	18434
38269	21598
38275	21611
38278	5599
38279	21356
38279	10420
38286	21598
38286	21624
38286	21625
38286	989
38298	9543
38298	16117
38298	2804
38317	8008
38317	14955
38317	1273
38317	2803
38317	5264
38324	19110
38324	2670
38325	11972
38325	21729
38325	21730
38325	9094
38325	15576
38325	7788
38325	7207
38326	21731
38327	9331
38327	9331
38335	5143
38342	14392
38342	21750
38342	3802
38342	17398
38342	4071
38350	9661
38354	10085
38366	5599
38373	12120
38380	11972
38380	12283
38380	12929
38380	12315
38380	12328
38380	11518
38380	11709
38380	9619
38380	11983
38381	6422
38384	10779
38395	10961
38395	2700
38395	2700
38396	21798
38396	16494
38396	4002
38396	21800
38396	12272
38396	3481
38396	14574
38396	10212
38396	15402
38396	10311
38396	10311
38396	10311
38396	2050
38396	2050
38396	11986
38396	12585
38396	15465
38396	9616
38396	8802
38396	18790
38396	1047
38396	2634
38396	9604
38396	5123
38396	18128
38396	15704
38396	7035
38396	7035
38396	9457
38396	17567
38396	4073
38396	19123
38396	17002
38396	7495
38396	20751
38396	21827
38396	2057
38396	2057
38396	6307
38396	19112
38396	19112
38396	19112
38396	19112
38396	19112
38396	4111
38396	9932
38396	9932
38396	1490
38396	21843
38396	7767
38396	7767
38396	12365
38396	10233
38396	21844
38396	6790
38396	1073
38401	21849
38406	15493
38408	6385
38412	4853
38413	14367
38414	2079
38414	21865
38414	21865
38423	1945
38427	9081
38427	3540
38429	1019
38429	18375
38429	3046
38435	19045
38436	2674
38436	7
38436	21887
38436	21888
38436	9764
38443	11848
38446	17166
38447	11889
38447	16986
38447	4458
38447	5065
38447	10938
38447	12541
38447	12541
38447	12541
38447	15994
38447	2478
38447	2206
38453	21910
38453	21911
38453	21912
38453	21914
38453	21919
38453	21920
38455	20170
38455	11972
38457	9507
38459	6307
38459	10233
38467	9080
38470	21868
38474	9039
38474	4125
38474	5152
38480	9769
38491	21973
38498	2700
38499	316
38505	21995
38505	4349
38507	4581
38507	4581
38509	22002
38524	9244
38525	214
38525	235
38532	17398
38542	9385
38550	1809
38550	5871
38556	22035
38556	22037
38556	22038
38556	18893
38556	11260
38556	4632
38561	17472
38565	2808
38565	13367
38565	14458
38565	22041
38567	22042
38567	22042
38568	5691
38568	5691
38569	14206
38569	22050
38569	22053
38574	11889
38576	7016
38583	19863
38583	22067
38583	10879
38584	277
38591	10779
38591	2802
38591	15719
38591	1924
38591	22076
38591	7026
38594	9614
38595	1539
38600	207
38600	20591
38600	22089
38600	12283
38600	10439
38600	6290
38600	7782
38600	13523
38600	9048
38600	16120
38600	22093
38600	4944
38600	4944
38600	10446
38600	10446
38600	15891
38600	15184
38600	10320
38600	20619
38600	8012
38600	16668
38600	16668
38600	15211
38600	1184
38600	1184
38600	15477
38601	2642
38601	2642
38607	4106
38609	11775
38623	19571
38623	19123
38638	15135
38638	15135
38641	22158
38645	2045
38645	22161
38646	16986
38646	16678
38646	18076
38646	4373
38650	11502
38650	12576
38650	10860
38650	17502
38650	22167
38650	17579
38651	14042
38652	1168
38656	9091
38656	14955
38656	12299
38656	18082
38656	22184
38656	1286
38656	22188
38656	4440
38656	4440
38656	7514
38656	4166
38656	1667
38656	6756
38656	4536
38656	10470
38656	18453
38656	5134
38656	11033
38656	11034
38656	5298
38656	5305
38656	13698
38656	11552
38663	22216
38663	17960
38664	22218
38664	22219
38664	7517
38664	7517
38664	10311
38664	10311
38664	10311
38664	18755
38664	17681
38664	4442
38664	3488
38664	9551
38664	1176
38664	22226
38664	22227
38664	4006
38670	13576
38670	14136
38670	8485
38670	1904
38670	4204
38673	252
38673	2701
38675	3310
38675	4125
38677	4202
38678	4442
38679	11583
38679	1945
38679	1904
38682	12190
38686	15252
38686	4440
38686	4440
38686	16744
38686	1426
38686	1123
38696	22263
38697	4812
38697	11547
38699	6136
38699	4826
38699	3438
38699	9197
38702	6807
38706	22275
38706	22275
38706	1030
38706	15485
38706	2632
38711	3467
38711	22278
38720	22283
38723	220
38741	4073
38741	15691
38742	21352
38742	17274
38742	230
38742	8844
38742	6718
38742	4865
38742	4866
38742	4866
38742	9442
38742	3994
38742	2765
38742	2765
38742	5115
38742	4141
38742	3415
38742	1382
38742	22432
38742	5674
38742	78
38742	16477
38742	16477
38742	22435
38742	1539
38742	1206
38742	10333
38747	4581
38747	1103
38751	4080
38755	4141
38755	1702
38761	1903
38765	13369
38769	22461
38769	22462
38769	22463
38769	5837
38769	22498
38776	2338
38776	2338
38776	16206
38776	2722
38776	2722
38776	8642
38776	14119
38776	14119
38776	10849
38776	13589
38776	991
38777	22512
38781	13696
38782	12163
38782	16877
38782	1114
38787	12012
38788	18789
38798	2820
38815	4724
38818	15121
38823	10208
38823	19122
38823	3330
38823	6744
38823	6309
38823	18626
38823	18626
38823	12364
38823	12364
38823	6563
38823	17490
38823	14317
38840	10340
38852	2240
38852	18145
38853	10078
38853	1720
38853	1266
38853	2817
38853	7518
38853	2716
38853	15588
38853	3518
38853	2828
38854	15983
38859	19543
38859	1519
38867	9048
38870	9605
38870	12168
38876	9327
38877	17979
38877	6982
38877	18001
38881	2153
38890	10966
38896	21271
38900	18375
38900	1955
38901	3091
38901	2739
38901	1103
38901	12925
38901	1799
38906	17095
38906	17095
38906	22646
38906	22646
38911	9197
38918	12826
38919	22665
38919	5275
38919	12168
38919	12168
38927	4440
38929	22685
38929	22688
38929	12574
38931	22689
38939	170
38943	1691
38943	15397
38943	7581
38943	7581
38943	7581
38943	7581
38945	22698
38945	10831
38945	13416
38945	17046
38949	6426
38957	1764
38960	5609
38961	2625
38964	11047
38966	22732
38966	8809
38966	18453
38966	2891
38966	1227
38972	2045
38972	5777
38972	5777
38972	4166
38972	10790
38972	13373
38972	2562
38972	1227
38976	16643
38976	4267
38976	2560
38976	1127
38976	8046
38976	8046
38978	15114
38978	15114
38978	15114
38978	22743
38978	22744
38978	22744
38978	22745
38978	13367
38978	14061
38978	14458
38978	14459
38978	17398
38978	2468
38978	2468
38978	2468
38978	2461
38978	2461
38978	9260
38978	9260
38978	12717
38978	7363
38978	7363
38978	2210
38978	10608
38983	14392
38983	22745
38983	7363
38983	7363
38992	10965
39002	12769
39002	9855
39002	1047
39002	2057
39016	14553
39018	4338
39022	2629
39023	9068
39023	21865
39023	21865
39024	7870
39025	4530
39032	22218
39032	10465
39032	18755
39032	3828
39032	9844
39032	6747
39038	9734
39042	22800
39045	11875
39045	3415
39045	1127
39045	5152
39048	4459
39048	13411
39048	15565
39048	2865
39048	12947
39048	8568
39048	9695
39048	9695
39048	1940
39048	15704
39048	16681
39048	16681
39048	4143
39048	5292
39050	10329
39056	214
39065	22825
39068	8273
39071	6170
39079	316
39079	316
39083	10081
39090	18028
39093	19622
39093	15402
39093	12585
39093	2322
39093	9604
39100	2722
39100	2722
39100	2722
39103	9235
39103	221
39103	4011
39103	244
39103	4957
39103	1952
39103	1378
39103	14385
39103	11711
39103	11711
39103	15475
39103	1973
39103	16828
39103	9213
39109	1724
39109	8746
39109	8746
39109	22861
39109	22861
39109	22862
39118	18069
39124	3841
39124	3841
39124	3841
39124	6747
39127	14924
39128	4579
39139	11260
39152	22897
39158	9367
39167	22912
39167	22912
39171	22922
39174	2628
39174	9302
39174	2629
39174	7517
39174	234
39174	9695
39174	22161
39174	1365
39174	4076
39174	16681
39174	4144
39174	4080
39174	8867
39184	3230
39192	11829
39192	10966
39192	10966
39192	16459
39192	3291
39192	2809
39192	11833
39193	9385
39198	22955
39201	22958
39201	1913
39201	1720
39201	12181
39201	4101
39201	16659
39201	5708
39201	5708
39201	5708
39201	9859
39201	19806
39201	22962
39201	5134
39201	11877
39201	316
39201	9932
39201	9932
39201	9932
39202	316
39202	6555
39203	1799
39204	16877
39210	316
39213	7581
39213	7581
39213	7581
39213	7581
39220	15092
39220	2153
39220	9197
39225	22451
39234	22985
39234	2826
39238	4073
39243	5290
39252	5599
39252	5599
39257	22998
39263	4067
39278	7780
39278	23025
39278	5668
39278	15878
39278	16659
39278	20619
39278	6532
39288	6718
39288	5298
39288	4538
39291	4443
39300	9992
39300	23035
39300	8020
39300	11738
39300	9139
39300	20042
39300	22094
39300	9162
39300	10483
39300	10483
39300	10484
39300	10484
39300	5780
39300	2613
39300	4550
39300	1447
39300	1447
39300	9170
39300	9170
39300	9170
39300	9170
39300	7644
39300	15128
39300	13707
39306	7297
39306	7297
39306	23051
39306	23051
39306	23054
39310	3444
39325	23070
39325	5585
39325	5780
39335	11260
39335	9764
39337	1283
39357	15402
39360	10483
39360	3530
39362	11738
39362	9139
39362	23198
39362	3530
39362	3530
39362	3530
39366	7780
39366	6944
39366	4589
39375	16986
39375	12386
39375	20864
39375	22089
39375	23215
39375	9081
39375	6930
39375	6930
39375	14248
39375	10915
39375	6290
39375	12541
39375	12541
39375	12541
39375	9841
39375	7392
39375	4370
39375	10706
39375	3301
39375	10317
39375	2625
39375	1176
39375	11208
39375	15204
39375	21827
39375	8043
39375	8043
39375	8043
39375	20218
39375	2413
39375	9619
39375	19
39375	2829
39375	6776
39375	2564
39375	311
39375	12197
39383	9442
39387	11922
39387	3287
39387	4865
39387	6979
39387	6979
39387	6979
39387	4726
39388	4888
39388	10937
39388	4810
39388	1475
39389	8267
39392	23242
39395	3603
39399	23294
39399	23295
39402	22219
39402	9993
39402	10706
39402	10706
39402	14385
39403	18286
39403	252
39403	12190
39423	5580
39424	18145
39427	7393
39436	22665
39438	7487
39448	3080
39448	3080
39448	11938
39448	11940
39448	10026
39448	275
39451	143
39452	4664
39460	1369
39460	1125
39460	2104
39468	23356
39469	11889
39469	15994
39469	5707
39472	13572
39476	23369
39476	23371
39477	8273
39480	14093
39482	18434
39483	23387
39483	23387
39483	23388
39483	16880
39483	6459
39483	264
39483	15475
39483	311
39483	311
39485	23402
39486	8783
39486	4141
39486	19806
39486	8069
39490	3442
39496	7307
39501	23425
39517	14136
39517	8489
39529	8316
39530	1799
39530	8907
39532	3600
39533	2611
39538	23469
39538	2564
39539	23473
39555	23494
39559	23497
39559	5256
39564	4664
39578	23509
39588	18261
39588	8907
39596	1483
39596	5599
39612	19970
39612	7302
39612	3595
39616	11938
39626	18094
39628	9080
39628	7392
39630	13696
39632	221
39632	23571
39632	23572
39632	23575
39632	23575
39632	23575
39632	23576
39632	7750
39641	12325
39641	4726
39654	23599
39655	5642
39655	23601
39656	5642
39656	23601
39659	23608
39660	9423
39660	23611
39660	21750
39660	23612
39660	3802
39660	9255
39660	4749
39660	4477
39660	10026
39660	3311
39660	8691
39661	14459
39661	2210
39662	9090
39662	10977
39662	18098
39666	1804
39672	23618
39672	23619
39672	23620
39682	1515
39699	16414
39701	8065
39702	5100
39719	1809
39725	15112
39729	21270
39744	9234
39749	3044
39754	7044
39754	6435
39754	1182
39757	11889
39757	4568
39757	14347
39757	12190
39762	8485
39783	1090
39791	14014
39791	14014
39791	1125
39796	4812
39796	5135
39805	23733
39812	8489
39814	1243
39814	2351
39814	14375
39814	4926
39814	8242
39814	2029
39814	13369
39814	15882
39814	10085
39814	10313
39814	11175
39814	1293
39814	2031
39814	3174
39814	3174
39814	14382
39814	6302
39814	17002
39814	15040
39814	15040
39814	19413
39814	1955
39814	1955
39814	1955
39814	19488
39814	2828
39814	5298
39814	2830
39814	21166
39814	21166
39814	1972
39814	20754
39814	1515
39814	1515
39814	1515
39814	5744
39814	1539
39814	2902
39816	8401
39816	9548
39816	4338
39817	4567
39818	3097
39818	23751
39833	1760
39838	18082
39841	9327
39842	4458
39842	1914
39842	21266
39842	2632
39842	23770
39842	2891
39842	6801
39845	23772
39847	143
39855	15568
39855	143
39865	2804
39866	9107
39866	9228
39868	6135
39893	266
39911	9328
39913	18358
39913	4002
39913	6132
39913	9455
39913	8783
39913	13370
39913	21356
39913	8196
39913	9100
39913	8907
39913	1090
39913	7207
39913	9443
39933	9731
39934	2828
39940	4610
39940	18375
39940	18375
39940	3841
39940	3841
39940	3841
39940	2750
39940	21730
39940	2820
39941	18438
39945	23838
39945	23839
39945	23841
39950	5871
39955	23860
39969	4246
39969	22962
39971	23874
39973	18434
39973	23875
39973	23876
39973	23877
39973	23878
39973	21539
39973	23880
39973	23881
39973	23882
39973	23883
39973	23884
39973	1966
39973	23885
39973	23887
39973	23888
39991	2826
40012	3530
40017	23921
40022	19957
40023	2
40023	4619
40029	4242
40033	2863
40033	19112
40033	19112
40040	4826
40069	7205
40072	2674
40072	21887
40072	21887
40072	8318
40072	9764
40072	10370
40072	5148
40072	5148
40072	24011
40084	6416
40084	13416
40084	4810
40094	9855
40097	242
40097	242
40097	242
40097	13655
40102	7044
40102	6473
40105	4136
40105	6165
40105	14596
40105	1443
40107	18358
40107	12386
40107	7707
40107	18375
40107	18375
40107	14376
40107	11972
40107	11972
40107	2653
40107	8777
40107	24038
40107	10684
40107	13711
40107	17384
40107	6944
40107	5252
40107	8371
40107	8371
40107	10706
40107	3465
40107	4809
40107	20748
40107	6577
40107	24046
40107	1367
40107	6739
40107	6739
40107	6747
40107	9619
40107	2700
40107	6227
40107	7011
40107	8837
40107	15235
40115	9069
40115	18171
40119	24068
40120	9548
40120	2804
40145	10385
40145	5264
40145	18131
40145	5779
40145	78
40145	2642
40145	2642
40145	10690
40145	10690
40145	4368
40152	1946
40156	4822
40156	264
40156	9244
40177	24139
40193	10340
40195	9300
40202	8799
40205	24160
40205	24162
40205	6007
40205	11684
40205	24163
40205	24164
40205	17110
40205	17110
40205	24170
40205	24171
40205	24172
40205	24172
40205	16997
40205	22685
40205	17144
40205	14903
40205	24181
40205	24187
40205	17169
40205	17169
40205	18124
40205	21921
40205	7747
40205	9925
40205	24198
40205	24205
40205	5152
40210	13369
40235	12769
40235	9695
40235	10354
40235	14385
40235	316
40237	10649
40241	1666
40241	12376
40245	1718
40245	21183
40245	3095
40245	14553
40245	14553
40245	22161
40245	4986
40245	3124
40248	24265
40248	24266
40248	4242
40253	14574
40254	7307
40270	1912
40270	24289
40270	6431
40270	13285
40270	240
40270	14014
40270	1125
40270	15590
40270	11034
40270	8395
40270	6563
40276	8072
40277	1481
40277	1481
40280	6132
40280	22037
40280	21995
40280	8371
40280	9208
40280	9208
40280	11709
40280	8837
40288	7750
40288	19585
40291	2820
40291	2820
40291	2820
40291	2820
40300	4191
40301	7307
40313	2802
40315	234
40315	4826
40322	3211
40322	14375
40322	2812
40322	4095
40322	7717
40322	18450
40322	20874
40322	9616
40322	4440
40322	4440
40322	16840
40322	11994
40322	10671
40322	10673
40322	4664
40322	4849
40322	12197
40334	14119
40340	1720
40350	13531
40351	2961
40351	2961
40352	1125
40359	24348
40359	24349
40359	24354
40359	13239
40359	24358
40359	13303
40359	13303
40359	235
40359	235
40359	242
40359	242
40359	242
40359	24362
40359	250
40359	250
40359	250
40359	4372
40359	3300
40359	24365
40359	24367
40359	24367
40359	333
40359	333
40359	333
40359	24368
40359	4810
40359	24369
40359	4071
40359	1124
40359	24370
40359	24373
40359	4961
40359	24374
40359	262
40359	262
40359	265
40359	272
40359	272
40359	24376
40359	24377
40359	24377
40359	24377
40359	24377
40360	242
40361	24380
40361	4304
40361	5416
40361	20085
40361	24382
40361	2254
40361	24383
40361	5958
40367	24396
40367	24397
40367	24397
40367	24399
40375	24403
40379	5673
40379	5673
40380	24406
40384	17274
40384	2765
40384	16840
40396	24417
40396	17636
40398	9235
40398	24421
40398	7750
40398	18026
40405	1286
40406	17927
40412	2322
40416	11922
40444	24579
40445	14574
40445	19945
40445	2803
40445	10674
40445	10674
40445	3471
40445	9096
40445	5152
40445	2712
40445	2712
40446	9302
40457	18302
40457	24587
40461	6398
40461	4143
40461	24592
40461	15474
40461	8069
40462	21158
40462	22283
40462	2812
40462	24602
40462	19883
40462	4543
40462	15880
40462	6938
40462	14161
40462	6170
40462	24616
40462	1940
40462	15465
40462	17018
40462	9846
40462	15892
40462	9853
40462	9853
40462	9853
40462	1047
40462	9150
40462	5268
40462	2625
40462	18118
40462	11988
40462	11988
40462	24665
40462	18123
40462	24677
40462	2689
40462	11029
40462	4534
40462	11534
40462	11534
40462	14591
40462	6049
40462	6049
40462	9605
40462	7581
40462	7581
40462	7581
40462	7581
40462	24690
40462	4549
40462	4536
40462	15472
40462	8282
40462	21865
40462	12162
40462	5283
40462	4537
40462	4537
40462	12361
40462	7644
40462	15476
40462	24705
40462	24706
40462	21843
40462	1492
40462	19884
40462	19884
40462	12369
40462	1503
40462	11548
40462	11548
40462	13707
40462	13698
40462	24715
40462	24716
40462	1528
40462	1888
40462	4539
40462	5745
40462	11552
40462	2833
40462	6532
40464	2639
40466	4767
40473	24736
40474	9823
40476	19487
40480	17363
40485	17232
40485	22512
40485	24746
40485	8900
40485	13416
40485	17505
40485	4371
40485	1767
40485	14119
40486	24754
40486	24755
40486	24756
40486	24757
40488	17529
40488	4160
40488	23025
40488	14143
40488	16117
40488	9092
40488	15378
40488	3434
40488	2050
40488	2050
40488	18658
40488	18658
40488	16120
40488	20874
40488	15719
40488	9615
40488	5123
40488	1716
40488	2102
40488	11815
40488	2563
40488	1490
40488	1490
40488	9443
40488	10333
40490	143
40498	10831
40498	6374
40498	12913
40498	24774
40498	3587
40498	60
40498	4141
40498	1767
40498	2002
40503	2722
40503	2722
40503	14119
40503	14119
40503	14119
40507	24780
40514	24784
40523	24798
40523	9363
40524	24799
40529	16741
40529	6722
40529	24805
40529	24806
40529	6299
40529	1352
40529	18128
40534	5445
40534	15034
40534	15034
40534	11048
40539	3995
40539	3995
40539	11703
40539	2026
40541	17167
40541	13696
40541	24822
40541	24822
40541	24828
40541	9700
40541	24831
40541	24839
40541	24840
40541	9667
40541	24851
40541	24854
40541	4659
40541	15522
40541	24878
40541	24882
40541	14532
40541	24899
40541	24899
40541	24902
40541	24902
40549	24909
40549	9302
40549	13368
40549	13368
40549	21729
40549	1685
40549	1685
40550	252
40550	14256
40554	3603
40555	19496
40560	9266
40575	4065
40575	10483
40575	2613
40577	16968
40585	62
40591	13365
40598	15227
40598	11922
40598	1912
40598	3044
40598	5575
40598	6136
40598	237
40598	237
40598	237
40598	3287
40598	3287
40598	9823
40598	18632
40598	24944
40598	21730
40598	9150
40598	14206
40598	9827
40598	7712
40598	9197
40598	10333
40598	10333
40602	11889
40602	24951
40602	13368
40602	13368
40602	12779
40602	6291
40602	20039
40602	6447
40602	6173
40602	8058
40602	15576
40602	10459
40602	3470
40602	11711
40602	11711
40602	15278
40605	11988
40606	17097
40606	11988
40606	15337
40606	18123
40606	24192
40606	24966
40608	24970
40608	24746
40610	24380
40610	1903
40610	20085
40610	24382
40610	24383
40610	24971
40612	5681
40612	9090
40612	12947
40612	10977
40612	10977
40612	1172
40612	24975
40612	24975
40612	14380
40612	11179
40612	11179
40612	8799
40612	8799
40612	13371
40612	16657
40612	10674
40612	14383
40612	19484
40612	10326
40612	24690
40612	24976
40612	3471
40612	16706
40612	2827
40612	15474
40612	5733
40612	15477
40612	24978
40612	7586
40612	1515
40612	1515
40612	11727
40626	4659
40629	11260
40629	9764
40629	11280
40631	4705
40636	2629
40636	10311
40636	11912
40636	3535
40636	25020
40638	9209
40644	4101
40644	11048
40644	24706
40652	5275
40665	2110
40672	9660
40679	15693
40679	240
40690	7310
40690	24587
40690	5159
40691	25059
40697	20187
40709	9991
40714	6930
40714	3105
40715	9422
40715	10796
40716	4534
40717	2689
40718	11889
40718	3973
40718	6435
40718	6443
40718	6533
40718	15994
40718	2156
40718	14422
40718	18712
40725	15063
40732	25119
40735	14230
40735	11583
40735	1945
40735	16393
40736	9089
40736	4957
40736	17002
40741	12769
40741	9094
40741	15033
40741	15033
40741	15033
40741	16635
40741	7581
40741	22055
40744	9068
40744	9069
40744	2884
40744	11713
40748	25129
40748	25129
40748	25130
40748	25132
40748	25133
40748	25133
40748	25135
40748	25140
40748	25141
40748	25141
40748	25142
40748	25143
40748	25143
40748	25143
40748	25143
40748	25145
40748	25145
40762	15469
40775	2630
40778	3110
40778	1995
40785	25179
40786	17232
40786	3583
40786	15177
40786	10976
40786	10976
40786	1080
40786	4749
40786	4371
40786	6815
40787	12181
40787	4371
40787	8485
40787	15591
40788	9661
40790	4815
40790	1997
40790	1997
40790	1997
40790	1997
40790	25188
40790	25189
40790	3484
40790	3484
40790	17018
40790	25190
40790	8811
40790	24397
40790	24397
40790	25194
40790	10235
40790	21272
40790	1955
40790	1955
40790	1955
40801	6473
40815	22089
40815	9081
40815	9615
40815	15891
40815	12328
40815	4144
40825	2079
40830	21973
40830	23356
40846	1946
40855	9260
40855	9260
40863	2704
40864	2090
40864	2090
40864	6776
40866	4073
40869	16058
40873	4277
40873	10223
40876	25342
40878	25343
40892	25347
40901	25349
40901	4139
40901	25352
40904	8691
40906	1204
40906	14217
40918	8385
40920	6170
40920	25369
40928	6132
40928	24266
40928	17490
40941	2891
40947	14924
40954	7781
40954	19945
40954	23739
40954	11814
40954	11727
40961	11877
40961	11877
40969	25406
40973	14606
40973	15978
40983	20130
40984	7402
40984	11033
40984	6264
40984	8069
40984	6280
40984	6280
40997	5445
41006	9723
41006	10779
41006	1924
41006	23887
41008	1844
41011	13737
41013	12541
41013	11814
41013	1966
41015	4391
41015	4724
41015	4724
41015	4724
41015	21865
41015	21865
41017	6203
41018	22219
41018	25459
41018	10653
41018	6203
41018	6203
41018	4625
41022	25462
41025	13091
41027	211
41027	3230
41028	2240
41028	6739
41028	7581
41028	7581
41028	7581
41028	7581
41028	1483
41037	9131
41037	3044
41037	23035
41037	5575
41037	4614
41037	2050
41037	25459
41037	15121
41037	10706
41037	10706
41037	6954
41037	9100
41037	9660
41037	9150
41037	5268
41037	5268
41037	6203
41037	24690
41037	10484
41037	10484
41037	1519
41037	9213
41037	10333
41039	5599
41041	1233
41041	25480
41041	14595
41041	1234
41068	3603
41069	9453
41069	1914
41069	2352
41069	10789
41083	21731
41083	26176
41104	4135
41104	15878
41104	17384
41104	7786
41104	5708
41104	5708
41107	9619
41107	11218
41107	11218
41107	11218
41109	26321
41113	14093
41119	3465
41119	26327
41119	26327
41119	15413
41119	15413
41119	26330
41119	16477
41119	2645
41119	2645
41119	2645
41119	26332
41119	26332
41119	26334
41119	26335
41119	26337
41119	26337
41119	2832
41119	2832
41119	2832
41119	2832
41119	4849
41119	4083
41130	25350
41132	3530
41135	13368
41138	15590
41139	10348
41141	5236
41141	5283
41144	7715
41144	4065
41144	7722
41147	14595
41156	24909
41156	26362
41162	14136
41162	23921
41162	9764
41162	11280
41168	9455
41168	2868
41168	15245
41168	10466
41168	9093
41168	16744
41168	16973
41168	1364
41168	11049
41168	13151
41168	20884
41179	10244
41182	143
41187	13316
41209	5972
41209	5976
41214	14385
41215	3802
41217	8587
41218	6002
41218	6002
41219	6807
41221	4908
41221	14420
41221	6285
41221	6414
41221	5707
41221	2830
41221	2830
41221	10340
41225	26398
41225	26399
41225	26404
41225	26405
41225	26406
41225	26407
41225	26408
41225	26409
41225	26410
41225	26411
41225	26413
41225	26414
41225	26415
41225	26416
41225	26417
41225	26418
41225	26420
41225	26422
41225	26424
41225	26426
41225	26427
41225	26428
41225	26429
41225	26432
41225	26434
41225	26435
41225	26436
41225	26437
41225	26438
41225	26439
41225	26440
41225	26442
41225	26443
41225	26444
41225	26445
41225	26446
41225	26447
41225	26448
41225	26449
41225	26450
41225	26451
41225	26452
41225	26453
41225	26454
41225	26455
41225	26456
41225	26457
41225	26458
41225	26459
41225	26461
41225	26462
41225	26463
41225	26464
41225	26465
41225	26466
41225	26467
41225	26470
41225	26472
41225	26474
41225	26475
41225	26477
41225	26480
41225	26482
41225	26485
41225	26486
41225	26488
41225	26489
41225	26491
41225	26492
41225	26493
41225	26494
41225	26495
41225	26496
41225	26497
41225	26498
41225	26499
41225	26501
41225	26505
41225	26506
41225	26507
41225	26508
41225	26509
41225	26510
41225	26512
41225	26514
41225	26515
41225	26516
41225	26517
41225	26518
41225	26519
41225	26520
41225	26521
41225	26522
41225	26523
41225	26524
41225	26525
41225	26526
41225	26527
41225	26528
41225	26529
41225	26530
41225	26531
41225	26532
41225	26533
41225	26534
41225	26535
41225	26536
41225	26537
41225	26538
41225	26539
41225	26540
41225	26541
41225	26542
41225	26543
41225	26544
41225	26545
41225	26546
41225	26548
41225	26549
41225	26550
41225	26551
41225	479
41225	26552
41225	26553
41225	26554
41225	26555
41225	26556
41225	26558
41225	26559
41225	26561
41225	26564
41225	26566
41225	26567
41225	26569
41225	26570
41225	26571
41225	26572
41225	26574
41225	26575
41225	26576
41225	26577
41225	26578
41225	26579
41225	26580
41225	26581
41225	26582
41225	26585
41225	26586
41225	26587
41225	26589
41225	26591
41225	26592
41225	26593
41225	26596
41225	26597
41225	26598
41225	26600
41225	26603
41225	26605
41225	26606
41225	26607
41225	26608
41225	26609
41225	26610
41225	26613
41226	23882
41229	4368
41231	2047
41231	15252
41231	26616
41231	26617
41231	26618
41231	26619
41231	6807
41231	26620
41231	26622
41231	26623
41247	21887
41267	22283
41267	1273
41267	26671
41267	15040
41267	8282
41267	11995
41267	11034
41267	23751
41267	5298
41267	21166
41271	26684
41271	26685
41271	6291
41271	8720
41271	9853
41271	3469
41271	26691
41271	3355
41271	5117
41271	3330
41271	8811
41271	6049
41271	6305
41271	3471
41271	13671
41271	8823
41271	10229
41271	15034
41271	3443
41271	6243
41271	14317
41272	1079
41272	3120
41274	20863
41275	11506
41275	2104
41283	4880
41284	4106
41306	17097
41306	17097
41306	3470
41309	18293
41309	18295
41316	15878
41316	18756
41316	9616
41319	26736
41329	21598
41336	21389
41338	7491
41339	10223
41343	26756
41343	274
41349	7311
41353	13719
41353	2000
41353	13285
41353	11532
41353	1955
41353	6509
41353	6509
41355	1903
41357	11894
41357	11267
41360	26770
41360	10441
41367	2441
41378	4749
41378	11583
41381	14853
41386	1175
41386	4589
41387	7707
41387	5479
41387	7729
41387	9457
41387	2189
41387	4895
41387	14286
41412	26844
41414	24289
41414	26846
41414	6409
41437	23387
41437	23387
41437	20174
41437	15459
41437	5380
41437	11179
41437	11179
41437	7580
41437	7580
41437	264
41440	17088
41440	9363
41450	6473
41451	24909
41451	1226
41451	23860
41451	26877
41451	26884
41451	1426
41451	24705
41451	1221
41451	4579
41455	18875
41455	12896
41455	26931
41455	26932
41455	26933
41455	26934
41455	26935
41455	26936
41455	16732
41455	26941
41457	9482
41458	991
41459	23356
41459	59
41459	4065
41459	62
41465	7393
41473	2322
41473	9443
41476	21352
41476	4457
41476	6761
41476	21531
41476	23494
41476	5942
41476	1760
41480	4568
41480	4349
41480	4826
41484	19071
41485	9027
41485	1232
41485	3099
41485	1233
41485	3107
41485	14595
41488	62
41497	9100
41500	11924
41505	7011
41508	18431
41509	13934
41509	10859
41509	4722
41509	8416
41509	17579
41509	10879
41510	22064
41511	10859
41511	17648
41516	18072
41520	9027
41520	6459
41527	4443
41531	18374
41531	13285
41531	3841
41531	3484
41531	3484
41531	4509
41531	5589
41538	5575
41539	4646
41542	241
41542	23571
41542	9213
41543	11631
41553	22161
41569	4738
41584	10333
41585	19439
41585	10465
41585	12299
41585	9442
41585	6264
41585	2110
41586	1125
41591	5264
41599	5837
41602	234
41603	17733
41606	9548
41606	17681
41606	12804
41606	2563
41606	3443
41617	14458
41617	27261
41618	16121
41621	25448
41623	9992
41623	9132
41623	11998
41623	3530
41623	3530
41623	5780
41627	19571
41627	15791
41628	5026
41639	11938
41639	11940
41639	21356
41639	6597
41639	10026
41648	9861
41648	9861
41657	18800
41658	15808
41658	12315
41665	9234
41665	8065
41668	12271
41670	2352
41687	15029
41688	10106
41694	27354
41694	9549
41694	9550
41695	15854
41695	2687
41695	18626
41695	18626
41709	4067
41710	8056
41711	4533
41717	2865
41717	16658
41723	22158
41723	4757
41723	13708
41730	2000
41732	12804
41732	2563
41738	4370
41738	12190
41739	18438
41742	19527
41772	21868
41773	4020
41775	27476
41776	2700
41777	14363
41778	27477
41778	7038
41779	1718
41779	16643
41784	3225
41786	1481
41789	6930
41789	23469
41789	6280
41789	6280
41797	8020
41802	27495
41805	26691
41805	1184
41805	1184
41805	1184
41805	1184
41806	23733
41820	7713
41822	27510
41827	17724
41830	10382
41831	5086
41833	10358
41833	1286
41833	2700
41836	5599
41836	5599
41842	27523
41843	2449
41843	27524
41843	12769
41843	4926
41843	12826
41843	2878
41843	15892
41843	4166
41843	13249
41843	13249
41843	6234
41846	4937
41846	9160
41853	2183
41858	27544
41862	143
41863	1671
41863	15485
41872	2200
41878	9861
41879	4477
41883	4349
41883	11260
41883	1511
41885	8385
41886	27570
41888	27574
41896	214
41906	5236
41906	7402
41906	8350
41923	2047
41929	3225
41930	6412
41931	1760
41931	1760
41935	27599
41935	5087
41935	2686
41935	4109
41935	13671
41935	13671
41935	1186
41940	27603
41950	6564
41950	5599
41950	5599
41956	4581
41956	1180
41956	4664
41956	10333
41969	59
41969	24139
41971	6494
41975	15029
41976	3841
41977	6556
41977	6556
41977	4281
41977	4281
41979	10965
41979	10965
41979	1151
41979	21267
41979	4460
41979	7708
41979	19863
41979	7492
41979	4440
41979	7514
41979	14958
41979	14958
41979	14958
41979	14958
41979	14958
41979	14958
41979	7638
41979	7638
41979	7638
41979	7638
41979	7638
41979	7638
41979	27632
41979	20752
41979	20752
41979	20752
41979	6412
41979	10624
41979	19838
41979	7712
41979	7712
41979	95
41986	27641
41986	2765
41993	9543
41997	14561
41997	11824
41997	1914
41997	17275
41997	27655
41997	6931
41997	6931
41997	8784
41997	8784
41997	8762
41997	6166
41997	26671
41997	20740
41997	10385
41997	10385
41997	17799
41997	1296
41997	3301
41997	27659
41997	2690
41997	1811
41997	11839
41997	17300
41997	17300
41997	13630
42005	27663
42005	27664
42011	13298
42022	27621
42022	16414
42022	12361
42022	12361
42025	23242
42025	12913
42026	19547
42038	11261
42041	11938
42041	4937
42041	11940
42041	5814
42042	27712
42042	4106
42044	12199
42044	8844
42044	27713
42044	10317
42045	9861
42047	24805
42049	1103
42049	9001
42062	11261
42062	11261
42065	27735
42066	11631
42067	208
42067	9131
42067	3044
42067	6930
42067	6930
42067	2739
42067	1263
42067	4096
42067	1542
42074	920
42077	11260
42085	2820
42085	2820
42085	2820
42085	2820
42102	15227
42102	4646
42102	3211
42102	211
42102	9107
42102	4457
42102	4250
42102	20864
42102	13366
42102	18623
42102	11975
42102	27477
42102	2878
42102	27787
42102	15322
42102	15892
42102	5111
42102	2240
42102	20748
42102	16973
42102	8746
42102	8746
42102	7035
42102	7035
42102	9457
42102	9859
42102	14385
42102	2885
42102	2057
42102	2057
42102	6307
42102	11711
42102	11711
42102	11711
42102	5073
42102	6773
42102	10690
42102	10690
42102	6311
42102	6555
42102	6234
42102	17023
42102	4664
42102	4664
42102	4664
42102	12376
42115	5973
42122	244
42140	21995
42140	7307
42140	2829
42141	27811
42141	22945
42149	2687
42149	16168
42149	3338
42151	7302
42151	2669
42151	2886
42152	18123
42152	9363
42152	9363
42152	9363
42152	24966
42154	16419
42155	13630
42157	4664
42158	3988
42159	4664
42173	12541
42174	10313
42178	3095
42179	6497
42181	23294
42215	18069
42215	2632
42215	27848
42215	316
42215	2564
42217	27354
42217	11167
42217	8058
42217	27853
42217	11983
42218	27855
42218	27856
42218	23733
42218	27857
42218	27858
42218	27858
42218	27860
42218	27860
42218	27862
42218	27862
42218	27864
42218	27865
42218	27865
42218	24150
42218	4069
42218	3333
42218	27872
42218	27874
42218	27875
42218	27877
42218	27878
42218	27878
42218	27879
42218	27879
42218	2709
42218	27880
42218	27880
42221	1234
42221	2829
42224	3418
42249	316
42250	24736
42251	16681
42251	8867
42263	26756
42263	15033
42271	22805
42271	11167
42271	15808
42271	1175
42271	4589
42271	10322
42271	6212
42271	11210
42271	8069
42279	1027
42282	5550
42295	12338
42296	6285
42296	14574
42296	2076
42296	8810
42296	1483
42296	5599
42296	5599
42299	11889
42299	9820
42299	18375
42299	7717
42299	7717
42299	13296
42299	10354
42299	9855
42299	6577
42299	78
42299	27957
42299	11544
42299	23751
42299	23751
42299	13249
42299	18455
42299	1519
42299	14976
42299	14976
42305	7310
42305	24587
42323	5971
42323	17505
42340	4611
42340	4103
42340	23877
42340	27713
42340	12930
42340	23882
42343	2351
42343	4261
42343	6712
42343	10465
42343	16647
42343	15378
42343	15378
42343	13296
42343	1293
42343	2669
42343	15322
42343	4277
42343	14587
42343	19413
42343	4519
42343	10330
42343	9213
42355	28008
42357	19543
42357	12827
42357	28010
42357	6447
42357	28012
42357	18660
42357	264
42357	5707
42357	6509
42357	4841
42358	11889
42358	6435
42358	15994
42358	2478
42359	22096
42360	28013
42362	2449
42362	23387
42362	4065
42362	9081
42362	2628
42362	2629
42362	23469
42362	18623
42362	6718
42362	6718
42362	6811
42362	13523
42362	12128
42362	23571
42362	11675
42362	4948
42362	27787
42362	12187
42362	17002
42362	11506
42362	6773
42362	5136
42362	2347
42362	2347
42362	1090
42362	11049
42362	2564
42362	4664
42362	4664
42362	4664
42362	3535
42362	3535
42362	3535
42362	12197
42362	10333
42365	229
42365	22689
42365	989
42365	3592
42365	4986
42365	12153
42373	20520
42373	9208
42373	9208
42373	28033
42376	3418
42376	6049
42387	1955
42387	19112
42387	19112
42387	19112
42387	19112
42387	15691
42401	15994
42404	15978
42404	6431
42404	6444
42404	9428
42404	11815
42404	15985
42404	9197
42407	4095
42407	13295
42407	2322
42407	14385
42407	2829
42407	6234
42409	21389
42409	21389
42413	28075
42413	5256
42414	6473
42417	14367
42420	2104
42422	22094
42422	4625
42426	15040
42426	15040
42433	9302
42433	12177
42433	234
42433	3192
42433	2110
42438	9992
42438	23070
42438	6598
42438	13701
42438	9993
42438	2200
42438	13979
42438	9163
42438	9163
42438	6979
42438	3530
42438	3530
42438	3530
42438	5780
42439	25459
42439	18124
42439	4659
42444	10436
42444	4610
42444	4610
42444	6443
42444	3099
42444	3107
42444	10673
42448	28113
42448	17927
42448	12120
42448	11502
42448	11583
42448	22067
42451	28114
42452	13576
42452	17724
42452	9331
42452	9331
42452	28115
42452	4865
42470	6338
42470	28131
42471	2636
42476	28075
42478	8030
42478	1175
42478	4589
42478	16681
42478	16681
42478	4144
42478	10645
42478	4085
42480	6468
42481	11890
42481	12827
42483	9331
42483	9331
42483	269
42493	4180
42493	24038
42493	9139
42493	28152
42493	28152
42493	18721
42493	10484
42493	8350
42493	8350
42493	3530
42493	21012
42493	28157
42493	1963
42495	9150
42495	28161
42506	21145
42513	5245
42515	6150
42515	6416
42515	1807
42515	2002
42529	1947
42529	264
42529	8069
42535	4261
42535	2829
42542	7707
42542	9660
42543	21598
42544	22512
42550	4722
42560	18375
42560	18375
42570	17637
42577	9731
42581	28209
42581	12095
42583	10624
42589	20740
42589	5141
42590	18789
42590	12672
42590	23473
42590	9001
42590	7038
42590	8867
42590	1511
42593	16986
42593	6931
42593	6931
42593	1904
42593	6555
42593	4726
42598	1867
42605	28229
42611	7393
42615	10915
42618	13295
42618	18623
42618	3434
42618	9442
42618	11707
42618	12162
42618	6770
42618	7712
42618	7712
42618	3407
42618	14286
42619	9992
42619	28095
42619	4384
42619	6954
42619	13099
42619	5585
42619	6979
42619	6979
42619	6979
42619	10484
42619	10484
42621	11647
42621	11647
42621	10784
42621	10784
42621	1337
42621	16821
42621	76
42621	6979
42621	278
42621	12365
42621	12365
42621	2712
42621	2712
42622	2198
42624	20174
42624	9549
42625	27712
42635	2618
42638	28257
42638	11631
42638	16494
42638	3841
42638	3841
42638	3841
42638	15121
42638	28267
42638	9367
42638	9367
42638	17153
42638	17902
42638	28271
42638	28271
42650	28283
42651	10977
42651	2564
42658	4543
42658	4549
42664	28310
42664	28313
42664	28314
42664	28315
42664	28317
42664	28318
42664	26877
42664	28325
42664	28327
42664	28328
42664	7003
42664	28329
42664	28330
42664	11621
42665	28333
42676	2628
42676	2629
42676	10649
42688	18255
42688	6930
42688	6930
42688	1080
42688	12190
42688	2110
42692	28591
42692	1030
42692	4930
42692	13285
42692	237
42692	237
42692	237
42692	4941
42692	4455
42692	17979
42692	17979
42692	5623
42692	5129
42692	269
42692	15355
42699	9078
42704	24137
42712	19806
42714	8710
42715	2636
42717	21798
42717	28607
42717	9846
42718	6460
42722	11839
42726	1079
42727	2618
42727	28612
42727	3230
42730	19511
42734	4391
42735	25005
42736	7302
42740	28623
42751	2961
42751	1809
42756	8777
42756	10790
42756	8813
42756	10333
42771	28645
42779	28257
42779	12270
42779	13544
42779	244
42779	5269
42779	5269
42779	17140
42779	17140
42779	14903
42779	14903
42779	24187
42779	4732
42779	28649
42779	4657
42779	9363
42779	28652
42779	15522
42791	15022
42791	15022
42792	15474
42792	1184
42795	6556
42795	19112
42795	19112
42799	9543
42801	8870
42801	3230
42813	15397
42813	15397
42813	4009
42813	9695
42813	9695
42813	1206
42825	28671
42830	16414
42844	10081
42845	28678
42851	4135
42851	6167
42861	11669
42861	240
42861	2878
42878	15227
42878	17529
42878	2627
42878	2630
42878	1293
42878	3994
42878	4732
42878	14587
42878	15704
42878	2057
42878	2057
42878	18669
42878	6996
42878	3442
42880	16880
42880	2079
42880	1946
42884	4664
42885	6756
42885	3477
42887	15888
42887	15888
42887	7492
42887	11815
42888	5445
42888	5446
42889	22732
42889	12325
42889	4624
42890	5445
42890	5446
42897	9081
42909	17232
42909	5973
42909	5188
42909	19802
42909	5173
42909	989
42909	17051
42909	10853
42910	28711
42910	28712
42914	7801
42914	28716
42923	1232
42925	2961
42925	28731
42925	12925
42926	12925
42929	240
42929	11045
42937	28752
42937	28761
42937	28764
42937	28766
42937	28787
42937	28828
42937	28830
42937	28842
42937	28868
42937	28877
42937	4830
42937	28893
42937	28915
42937	28918
42937	21843
42941	9853
42941	10235
42942	6807
42945	15997
42949	3107
42951	14385
42951	3046
42952	4338
42967	22665
42973	14924
42974	13367
42974	14924
42974	2810
42974	29046
42974	29047
42974	29048
42974	29050
42977	9266
42981	1114
42984	2389
42992	18438
43000	9992
43000	16877
43000	4567
43003	7798
43004	13714
43015	3418
43031	7780
43034	7307
43053	29136
43057	4659
43063	4756
43065	12269
43065	11994
43065	4020
43065	4020
43076	6049
43189	16081
43213	29194
43221	29196
43223	14317
43228	29199
43231	11896
43284	14303
43289	29211
43364	21730
43393	2711
43408	26685
43408	29261
43408	20045
43408	26691
43408	6049
43408	29262
43408	11621
43408	20107
43408	5601
43421	15891
43485	8720
43534	29309
43540	18626
43540	18626
43554	1481
43562	29316
43602	2704
43665	6765
43672	9967
43748	14303
43751	14303
43751	3469
43823	29399
43833	1347
43840	4719
43840	3072
43865	3469
43876	4560
43882	3415
43906	29428
43906	29429
43943	23371
43981	15568
44017	24971
44018	27574
44030	3493
44092	23509
44096	13671
44113	11634
44121	1369
44122	26691
44137	3338
44150	3072
44165	4719
44167	12302
44172	26519
44172	15040
44176	1517
44203	29508
44245	29514
44350	29199
44359	3415
44512	9154
44564	14222
44592	29587
44770	29614
44820	3467
44862	12376
44863	29546
44866	3330
44908	8814
44988	7493
45024	9967
45031	3469
45074	8720
45160	16414
45205	23770
45229	3493
45231	11896
45256	1658
45271	4849
45296	15568
45321	11766
45344	2042
45386	29772
45399	29309
45431	3469
45432	3467
45432	9281
45432	3477
45445	29783
45474	16414
45507	13529
45517	29798
45534	29801
45563	3469
45638	1027
45638	1027
45638	11992
45642	3469
45693	29199
45711	29828
45711	3849
45728	6034
45728	6049
45747	5619
45747	7512
45747	20134
45747	18025
45747	18025
45747	3338
45747	3477
45765	11896
45791	29857
45791	29862
45791	14303
45791	1212
45862	3469
45865	175
45887	18171
45894	210
45894	29908
45917	3072
45935	29614
45993	16659
46010	9967
46021	1214
46031	14303
46031	3072
46052	29943
46061	5246
46067	19122
46067	4719
46067	15034
46072	2704
46083	29948
46103	3330
46159	3846
46180	15568
46200	29973
46242	9967
46255	26685
46255	29261
46255	20045
46255	26691
46255	6049
46255	29262
46255	11621
46255	20107
46255	5601
46264	29989
46308	20134
46309	13554
46332	30010
46371	14083
46371	14083
46371	5599
46399	3338
46458	15034
46474	9154
46488	2636
46488	2636
46544	19122
46558	4443
46614	30064
46626	3469
46626	9967
46654	30070
46659	30072
46663	30074
46686	5044
46692	7860
46699	1474
46755	29798
46806	21966
46819	29199
46839	2031
46845	4719
46845	15034
46845	18171
46986	9967
46988	4815
47060	2704
47090	30126
47155	3846
47155	3469
47223	4560
47241	10480
47241	5325
47241	5325
47284	2031
47324	1443
47348	11634
47356	29989
47363	4071
47370	1125
47379	3330
47379	3330
47379	12344
47396	1214
47399	2704
47400	8814
47400	11634
47406	14303
47434	7001
47446	1888
47518	30186
47535	6235
47542	30188
47542	1666
47542	2634
47542	14222
47542	3338
47542	5745
47557	1214
47593	1530
47607	29961
47681	9967
47681	15034
47689	10476
47711	30212
47720	4443
47752	27853
47755	401
47767	3841
47767	3841
47767	3841
47812	16414
47823	20045
47823	1481
47844	30235
47907	30247
47909	29772
47940	1214
47975	30257
48031	11766
48048	30269
48143	18171
48178	14303
48178	30247
48241	5619
48241	1311
48241	3846
48241	3338
48241	14317
48357	30339
48357	1888
48370	14303
48386	14303
48415	12327
48436	11634
48449	27523
48493	5619
48493	1311
48619	30247
48627	21966
48645	2634
48645	7773
48645	6794
48734	6242
48807	9154
48820	10106
48826	29429
48829	30186
48835	4719
48835	11634
48869	18171
48883	13671
48883	13671
48954	3846
48954	18626
48954	18626
48964	29783
49028	1125
49044	3469
49044	3330
49044	18626
49044	18626
49044	1517
49071	11634
49072	22064
49073	22063
49128	1125
49145	6305
49167	1311
49188	10106
49211	11896
49219	3072
49245	3488
49276	30463
49342	14303
49408	30485
49464	401
49482	1214
49516	4719
49653	2712
49658	1125
49676	3841
49676	3841
49700	14303
49700	2634
49700	1658
49706	9967
49710	11766
49755	1311
49769	18113
49779	30531
49830	30563
49871	27659
49876	9967
49876	15034
49895	1125
49907	19122
49907	30235
49907	1517
49927	23881
49932	27791
49939	27637
49996	3971
49996	14295
49996	12327
49996	2634
49996	3330
49996	3330
49996	30064
49996	12344
49996	10393
49996	6235
49996	6235
49996	5144
49996	6563
49996	14317
50043	29783
50103	10106
50115	15568
50116	3841
50135	7001
50138	13671
50143	7001
50203	1214
50203	2712
50233	6801
50274	3412
50274	12331
50275	3493
50310	30212
50320	19122
50320	4719
50320	30632
50320	25190
50320	8720
50320	3469
50320	10784
50320	9967
50320	12342
50320	13671
50320	3849
50320	15034
50320	11766
50320	11634
50320	18171
50320	1517
50320	3477
50320	14317
50449	19940
50454	14303
50589	26691
50589	6049
50589	7773
50589	29262
50614	16414
50625	20303
50661	1530
50713	30685
50719	3338
50831	30705
50900	1530
50949	14303
51108	30186
51110	20134
51137	3971
51201	30744
51242	1125
51281	3072
51300	4391
51300	4391
51307	30752
51339	12376
51345	7512
51345	13529
51359	3469
51359	18626
51359	18626
51359	3338
51381	14303
51389	29772
51434	20303
51435	20134
51547	6049
51614	9769
51631	3415
51642	13554
51642	30786
51674	29772
51692	16414
51702	2049
51702	2049
51702	26691
51702	3415
51707	29943
51813	5589
51813	7207
51816	210
51822	16414
51831	9281
51832	10476
51892	30815
51892	13097
51892	11634
51894	30531
51908	1347
51911	9154
51920	30824
51951	9154
