"investors"	"companies"
33324	10235
33640	11086
33640	11088
33640	11089
33640	11090
33640	11091
33640	11092
33640	11093
33640	11111
33640	11112
33640	11113
33640	11114
33640	11115
34145	12697
34228	12919
34257	12943
34595	13732
35973	16808
35974	7581
36083	17141
36083	17165
36402	16808
36626	18592
36972	16808
37870	18592
37940	7581
38069	7581
38116	16808
38943	7581
39213	7581
40462	7581
41028	7581
41225	26398
41225	26399
41225	26406
41225	26411
41225	26413
41225	26415
41225	26426
41225	26427
41225	26432
41225	26435
41225	26437
41225	26438
41225	26447
41225	26448
41225	26450
41225	26452
41225	26453
41225	26454
41225	26465
41225	26467
41225	26496
41225	26497
41225	26499
41225	26514
41225	26515
41225	26516
41225	26517
41225	26518
41225	26519
41225	26520
41225	26521
41225	26522
41225	26523
41225	26524
41225	26525
41225	26527
41225	26529
41225	26531
41225	26532
41225	26533
41225	26536
41225	26539
41225	26540
41225	26541
41225	26542
41225	26543
41225	26544
41225	26545
41225	26546
41225	26548
41225	26549
41225	26553
41225	26567
41225	26569
41225	26570
41225	26574
41225	26577
41225	26578
41225	26613
42218	27872
42218	27874
42218	27879
42218	27879
42218	27880
42218	27880
43823	29399
44172	26519
46663	30074
50713	30685
51813	5589
